“Y”
9442.62957746479
9786.64014084507
7978.61091549296
10043.7718309859
9257.20492957747
9443.4426056338
8456.48028169014
10668.9507042254
10596.6725352113
9382.65669014085
8545.27394366197
9567.63098591549
9227.03626760563
10250.2183098592
11227.4295774648
10491.9471830986
10580.1971830986
10044.975
10601.5387323944
10036.4771126761
9847.74366197183
9576.66725352113
7917.80915492958
8807.73802816901
9141.69225352113
9595.07323943662
9129.81725352113
10526.8732394366
10066.2211267606
9079.1485915493
10893.1866197183
9810.33415492958
8684.0102112676
8724.40845070423
9333.88133802817
8932.62077464789
9480.05246478873
8946.34330985915
10671.6232394366
9385.09788732394
9785.51725352113
9870.53978873239
10139.45
9363.83345070423
7909.5338028169
9163.95422535211
11330.4718309859
9204.72323943662
8713.30845070423
9121.35211267606
10144.8873239437
9146.41408450704
10722.9112676056
9938.6838028169
8546.22007042254
8817.03204225352
9342.8161971831
9846.64577464789
8699.60985915493
11638.514084507
9759.72957746479
9635.26936619718
7937.21866197183
9306.06549295775
9129.64154929577
10109.7929577465
8553.97852112676
9526.72147887324
7744.43309859155
11190.6161971831
8511.03978873239
9825.90845070423
9157.63098591549
9474.28732394366
10787.6690140845
9207.1926056338
9020.44225352113
8962.87147887324
9751.00528169014
9384.47570422535
8663.44718309859
9428.0264084507
9893.925
9406.94894366197
8675.7073943662
11176.1936619718
9078.64049295775
9468.66443661972
9370.26408450704
9678.35774647887
9564.42464788732
9238.44190140845
10674.5352112676
10758.8450704225
9630.56830985915
9628.17253521127
9104.43063380282
9757.65352112676
9485.33767605634
10075.851056338
10352.4295774648
11042.5528169014
7941.55246478873
9348.71478873239
10196.5176056338
10070.5588028169
10550.0281690141
11167.3485915493
9644.11267605634
9897.7573943662
8905.47218309859
9789.40352112676
9624.60985915493
9595.75211267606
9605.87676056338
9780.3
9852.93450704225
8408.025
9389.84577464789
7943.56302816901
9380.01690140845
9120.05985915493
9318.14014084507
9376.6573943662
8837.05774647887
10067.2848591549
8869.2073943662
9722.66971830986
8617.23626760563
8208.60070422535
9616.12288732394
10527.0563380282
8431.30915492958
9906.59401408451
8688.01936619718
9254.8161971831
10086.4507042254
9473.64366197183
8440.40316901408
9756.21478873239
9805.89647887324
9951.44330985915
9666.82605633803
9396.39471830986
10461.7922535211
9998.26514084507
9292.16126760563
8804.4735915493
11600.8732394366
10085.1802816901
9972.11126760563
9117.45704225352
10106.6056338028
9271.44295774648
10568.6443661972
10232.7007042254
9660.88098591549
10626.7042253521
9039.36830985916
9366.91584507042
9035.91936619718
8516.38591549296
9529.6573943662
9709.75211267606
9580.44049295775
8722.88345070422
9993.92077464789
9916.21302816901
8116.93767605634
10196.25
10290.3169014085
9384.20633802817
10253.735915493
9117.1352112676
7738.83697183099
8951.61056338028
10766.176056338
10367.1654929577
10239.5563380282
8438.8838028169
8373.20950704225
8623.94718309859
10328.5316901408
9195.0411971831
9770.03908450704
9746.68098591549
9647.17816901409
9394.325
9491.4735915493
9012.37746478873
9459.00915492958
9565.92676056338
10556.5211267606
9958.9838028169
9058.33908450704
9268.20316901408
9014.39295774648
9541.57147887324
9357.92042253521
9326.87147887324
9169.9911971831
7522.34964788732
8522.35316901408
9732.74612676056
10227.5492957746
8379.67605633803
8552.47288732394
9990.02147887324
9612.14401408451
8808.66936619718
8030.85
9630.98697183099
9366.40246478873
8070.09366197183
10050.35
9017.07992957747
8558.23415492958
11019.838028169
9756.37922535211
9896.84084507042
8513.18591549296
9556.30669014085
10271.411971831
9394.2573943662
9507.27394366197
9558.23028169014
8934.47112676056
9538.28661971831
8032.51901408451
10920.5211267606
10588.5704225352
9139.2735915493
8710.96232394366
8286.57887323944
8624.55105633803
10297.735915493
8422.20985915493
8972.34753521127
10373.0563380282
10770.5105633803
9519.09366197183
9461.01725352113
9286.44577464789
9609.72781690141
8770.45070422535
9862.6764084507
8378.76830985916
9589.87605633803
6446.48450704225
8494.10211267606
10662.9049295775
9642.66443661972
9057.26830985916
9168.15633802817
8136.30316901408
9966.9764084507
9418.12676056338
9120.36901408451
10641.8063380282
9098.55105633803
8866.73204225352
10167.7077464789
9402.75845070422
9346.11690140845
9152.64788732394
9279.83838028169
8031.6926056338
9427.60809859155
9253.55528169014
9532.01408450704
9013.00669014084
9778.03591549296
9925.43345070423
10003.0598591549
8883.40528169014
9629.29823943662
9735.03450704225
9819.20915492958
10392.7007042254
10536.5950704225
9214.8588028169
10679.1866197183
8666.72464788732
8398.10070422535
9075.97711267606
9385.48591549296
9501.06232394366
10576.6056338028
9815.33908450704
8968.20492957747
8042.53133802817
9901.79471830986
9226.18521126761
9491.82535211268
10533.0211267606
11365.6795774648
9639.76690140845
9426.18838028169
7946.46971830986
8502.75281690141
8309.23098591549
9003.79542253521
9003.10633802817
9347.88556338028
9439.53063380282
10530.264084507
9199.53943661972
9109.4764084507
10565.9647887324
10198.514084507
9540.60070422535
9079.5676056338
8862.57077464789
8086.44471830986
8119.6985915493
9561.59788732394
8272.03028169014
9325.3235915493
9269.6926056338
8928.86584507042
9503.19718309859
8211.67570422535
9048.5485915493
9014.53204225352
8645.71126760563
9184.95176056338
10072.3524647887
8877.29929577465
8452.10316901408
10197.8133802817
9578.31338028169
8412.63028169014
9208.025
8510.99049295775
9248.56514084507
10181.6866197183
10806.6338028169
9326.28450704225
9197.08943661972
10706.3204225352
8374.0735915493
9070.11584507042
9565.28732394366
10206.6443661972
8477.26725352113
8552.65457746479
8397.30457746479
9610.31514084507
9241.02570422535
8483.47852112676
10628.0809859155
10409.5633802817
10003.6161971831
8685.89225352113
8905.58697183099
9262.31971830986
9231.48415492958
8594.4514084507
9035.39718309859
9335.39929577465
8321.32218309859
8271.71161971831
9928.04647887324
8658.98661971831
8596.69225352113
9399.30070422535
9363.68802816901
9027.81091549296
10297.7514084507
8902.98626760563
7556.97394366197
8730.76091549296
9405.81830985915
10141.7926056338
8991.6735915493
9704.225
9783.18908450704
10196.6549295775
9326.3088028169
9931.81161971831
9164.37887323944
10726.838028169
9715.30809859155
9439.65387323944
9052.88732394366
10439.514084507
9874.06514084507
9921.07992957747
8400.06478873239
9445.63556338028
8933.65985915493
9392.97887323944
11426.4894366197
9848.70528169014
8759.81126760563
9158.01267605634
9872.80774647887
9416.45352112676
9469.44612676056
8986.96795774648
8645.25281690141
9435.1323943662
8957.21408450704
8602.1426056338
9610.79330985915
11118.2992957746
10357.2394366197
8183.59894366197
8748.37253521127
8780.72394366197
10179.1823943662
9274.88767605634
9201.64014084507
9301.82711267606
9404.86795774648
10651.9683098592
8745.61443661972
10210.0669014085
8857.97253521127
9459.67007042253
9270.11021126761
11365.9612676056
9784.5838028169
8579.19542253521
9472.29894366197
8092.05281690141
10480.5070422535
9058.82676056338
9051.81866197183
9699.58591549296
9750.95316901408
7719.29718309859
8760.3911971831
8406.1
9742.77464788732
9676.8735915493
9580.85845070423
9964.525
8984.38133802817
8203.52429577465
8576.94753521127
10568.0281690141
10360.2147887324
9543.71901408451
8616.90211267606
9078.02218309859
9115.73556338028
7995.6926056338
9665.66830985915
9258.52147887324
9504.47183098592
10667.1161971831
10322.7605633803
10484.8697183099
9025.85915492958
8861.68450704225
9517.41126760563
9911.8647887324
9679.42323943662
9049.04718309859
9177.16091549296
9883.98697183099
10506.4647887324
8653.97887323944
9496.50915492958
9103.90985915493
8486.69436619718
10845.2218309859
9023.33521126761
8584.41056338028
9914.3838028169
8854.63802816901
9881.15915492958
8850.98838028169
9814.825
9179.96830985915
9169.18591549296
9677.3411971831
9437.98943661972
7829.28345070423
9242.58591549296
8378.19647887324
9768.68978873239
9583.19964788732
9250.01514084507
8645.58204225352
8989.09753521127
9187.1176056338
9125.58133802817
9517.0926056338
9269.5014084507
7703.55704225352
7783.24084507042
8910.03802816901
8901.89049295775
9699.42042253521
9180.73943661972
9106.3764084507
8113.48063380282
9876.43767605634
10468.8450704225
8333.01584507042
8252.90774647887
7638.32042253521
9523.9823943662
8414.99401408451
9212.16161971831
8826.3161971831
9451.74577464789
9439.83098591549
8727.80457746479
9519.72323943662
8996.68204225352
10052.3126760563
7891.15316901408
9104.60176056338
8515.8073943662
8090.98415492958
9543.13732394366
10336.1584507042
8130.69401408451
9113.47852112676
10868.0246478873
9420.04647887324
10264.1936619718
9040.50387323944
8763.25492957746
8950.70704225352
10177.4697183099
9639.8676056338
10256.6232394366
9021.80809859155
10097.563028169
8919.27570422535
8806.37042253521
9927.80422535211
9048.25704225352
11545.9225352113
11114.6795774648
8435.90985915493
9963.19894366197
10843.1197183099
9167.76866197183
8615.44190140845
9414.34718309859
8960.56478873239
8583.18063380282
9377.35669014084
8724.29225352113
8295.83732394366
8968.91408450704
9194.55669014085
10244.9330985915
9356.49753521127
8977.44154929577
9492.49401408451
9619.47112676056
8804.83274647887
9220.51901408451
10037.0200704225
9751.52323943662
8758.00457746479
10418.485915493
8494.19753521127
8690.72218309859
8421.1338028169
10875.8133802817
8400.81478873239
8873.45774647887
9943.49190140845
9077.4661971831
9255.34612676056
9130.06901408451
9100.91690140845
10984.8838028169
10172.5352112676
9337.06373239437
9676.45035211268
9168.27887323944
9082.05387323944
10182.3788732394
8001.60704225352
9265.99753521127
8514.78802816901
9714.47781690141
10697.2394366197
9507.54014084507
10938.6408450704
8630.93169014085
9974.60985915493
9265.9338028169
10096.7580985916
9028.4088028169
10765.9753521127
9665.48943661972
9793.4985915493
9008.90246478873
8362.01690140845
9211.36373239437
8024.70915492958
9086.27112676056
9270.96091549296
8621.30985915493
9107.7602112676
8770.31443661972
9805.03591549296
9719.09788732394
8445.31267605634
10331.0774647887
8703.28767605634
9764.61267605634
9370.86830985916
10115.9531690141
9735.21056338028
9856.81126760563
8925.39507042254
8798.91901408451
10053.2126760563
9267.45035211268
8146.40669014085
9007.61338028169
8714.85281690141
9709.3411971831
9261.15845070423
9951.78591549296
9207.36654929578
9710.44542253521
9833.8838028169
9149.13661971831
9185.41795774648
9508.84471830986
9002.84612676056
7670.35387323944
10017.5700704225
10183.823943662
8753.16373239437
10070.4820422535
9687.93661971831
8487.18802816901
9499.26971830986
9453.0426056338
9554.17464788732
9119.62957746479
9004.67464788732
9056.45985915493
10012.1401408451
10466.2992957746
9891.79154929577
9793.2161971831
9059.10704225352
8471.29471830986
9694.52007042254
8972.60950704225
8404.67253521127
8792.92464788732
7620.40176056338
8925.44964788732
9230.35176056338
8555.90070422535
11026.9718309859
9801.35633802817
8488.39929577465
10164.9612676056
8839.13028169014
10211.6514084507
8551.94823943662
9180.94647887324
8677.92112676056
9015.58309859155
9182.80633802817
8626.65845070423
9006.61830985916
11882.0985915493
9458.66478873239
10737.3415492958
10695.7007042254
9035.26267605634
9407.63274647887
8809.70246478873
8937.90070422535
8660.40246478873
9747.6264084507
10157.5316901408
9916.06584507042
8946.11584507042
8664.05387323944
9804.66338028169
9233.1588028169
8008.29718309859
9797.70915492958
10888.4894366197
8433.36971830986
10013.3521126761
9233.2485915493
8842.31795774648
8325.19366197183
8471.15035211268
8933.5588028169
9579.88274647887
8242.1352112676
8924.87887323944
8485.68028169014
9442.17394366197
8465.8485915493
9522.94718309859
9334.05563380282
11242.0281690141
8824.15809859155
9684.1352112676
9648.77464788732
8079.03345070423
10189.3908450704
8731.43063380282
9147.40387323944
8741.23133802817
8654.33908450704
9325.8852112676
9186.17464788732
9600.77253521127
10018.0066901408
9242.27535211268
9791.14330985916
9696.12992957746
8014.53767605634
9240.45035211268
9205.26971830986
9415.62218309859
8745.20492957747
8014.62147887324
9611.67288732394
10099.0214788732
9556.32922535211
8264.91267605634
9683.01936619718
9973.5
8377.21795774648
8874.11830985916
10254.8556338028
9684.24154929578
8995.08028169014
8461.69612676056
11470.7887323944
9160.37464788732
8999.28556338028
9960.30246478873
9123.71936619718
8822.60035211268
9242.34929577465
10288.0669014085
9190.29894366197
7870.54295774648
9061.45528169014
10027.6464788732
10069.8299295775
9584.84084507042
10301.4683098592
9507.78133802817
8692.70633802817
9672.22323943662
9249.92147887324
9791.97323943662
9954.95985915493
9058.84436619718
9690.41654929577
8935.77781690141
9931.38943661972
8997.82922535211
9358.47429577465
9443.05422535211
8317.77922535211
9434.07112676056
9839.21549295775
8904.68415492958
9918.95598591549
9216.55774647887
9128.80915492958
9559.94647887324
9003.225
9486.05985915493
9796.71338028169
9818.12922535211
8586.27183098592
13121.911971831
10901.3556338028
9111.89788732394
10087.0169014085
8278.27323943662
8329.43450704225
9383.01056338028
8872.29330985915
8432.13309859155
9066.03309859155
9495.34190140845
10618.5563380282
10313.5492957746
9215.84612676056
11679.3697183099
10325.014084507
9151.03556338028
8970.60845070423
9333.56302816901
8896.74471830986
8122.77605633803
8934.37957746479
9101.33169014085
