"x"
11901.2816901408
12641.7218309859
11585.161971831
12293.0457746479
13154.8415492958
12430.0915492958
12132.9049295775
12301.8661971831
12326.9894366197
11283.1021126761
13133.161971831
11062.3098591549
11648.8908450704
12090.2676056338
12383.9225352113
12212.0563380282
11082.014084507
12154.0563380282
12460.3415492958
12645.7957746479
11867.7922535211
12295.3450704225
10904.5669014085
12168.4471830986
11765.3063380282
10989.5985915493
11987.0211267606
12223.5669014085
12134.1830985915
12386.8028169014
11843.6514084507
11710.4401408451
11967.2429577465
11848.8063380282
11917.1373239437
11743.5246478873
12312.8556338028
11578.5105633803
13074.3485915493
12205.5774647887
13996.7781690141
11873.7852112676
11503.8732394366
12270.0598591549
12413.0774647887
12088.5070422535
12439.4929577465
11959.8450704225
13101.426056338
11398.6443661972
11213.9647887324
12505.2288732394
11650.661971831
12544.2218309859
12041.5176056338
12651.25
11176.4190140845
11488.6408450704
10282.6235915493
14080.2464788732
11183.1971830986
12388.5422535211
11581.4049295775
12093.4507042254
10920.3556338028
11896.4084507042
11700.5563380282
11419.2957746479
10835.9190140845
11759.764084507
12095.676056338
11527.6725352113
12211.7570422535
11252.0704225352
12725.3943661972
11757.4366197183
12399.8661971831
11086.1725352113
11637.5035211268
12280.25
11260.9401408451
13348.2570422535
11271.6373239437
11852.0845070423
12474.0915492958
12972.8028169014
12717.9718309859
11320.7852112676
11224.3802816901
13413.4683098592
11730.5246478873
11783.2323943662
11478.5457746479
11883.5528169014
10495.3866197183
12302.9507042254
11612.3732394366
11352.6866197183
13083.2394366197
12555.6725352113
10749.8345070423
12922.2816901408
10579.2323943662
12122.0387323944
12858.9753521127
11751.2711267606
13602.7570422535
11989.3063380282
11697.5774647887
10510.4820422535
11596.4401408451
12531.2992957746
12281.4964788732
12214.9366197183
11345.5669014085
11438.7676056338
11959.6267605634
12752.4577464789
12206.7605633803
11059.8274647887
12261.5
12172.1267605634
12179.25
11960.3450704225
12649.5915492958
12543.4823943662
11733.5211267606
11950.073943662
11528.9718309859
11292.5246478873
12299.1549295775
11992.8028169014
12027.764084507
11253.5985915493
11706.0176056338
11753.2042253521
12288.573943662
12596.5704225352
11435.3274647887
12832.7077464789
12060.8204225352
11994.3415492958
12262.4718309859
12670.3274647887
11866.6549295775
11293.7535211268
13449.8450704225
11790.7323943662
13360.8309859155
12358.9436619718
12985.25
11894.7394366197
12265.5105633803
11939.9225352113
11825.1549295775
12792.1971830986
11671.0492957746
11581.4295774648
12874.9823943662
11939.5246478873
11084.9852112676
12182.3028169014
12725.6408450704
11737.0598591549
12118.1690140845
11395.8485915493
12529.4014084507
12427.411971831
11224.0422535211
12291.8767605634
13120.1373239437
10964.4190140845
12523.8732394366
12312.8098591549
11526.6901408451
13052.1830985915
13303.3802816901
11153.9014084507
11697.9612676056
12451.6056338028
12419.0774647887
11546.9154929577
12048.8943661972
11634.1654929577
10984.588028169
11497.8591549296
12488.1408450704
12774.2077464789
13172.7711267606
10967.7429577465
11540.3450704225
12118.0211267606
11322.0563380282
12305.9014084507
10507.8802816901
11944.0669014085
12074.9401408451
11688.0316901408
12311.4929577465
11622.7323943662
11420.5281690141
11774.9718309859
12544.6514084507
12112.2676056338
11920.426056338
12059.073943662
12430.8274647887
11485.0950704225
11631.2957746479
10239.6200704225
10655.1373239437
11967.3767605634
11676.7429577465
11546.4330985915
12718.5563380282
12165.6338028169
11664.176056338
12131.0563380282
12461.7676056338
12374.8943661972
11530.6408450704
12249.5
11184.0035211268
11584.5422535211
11980.0176056338
12375.3767605634
11177.3485915493
11827.9577464789
12265.1373239437
12111.3556338028
13376.0845070423
12479.5704225352
12545.338028169
11585.4154929577
10541.0387323944
12299.5422535211
11973.8943661972
11666.3978873239
12178.8802816901
12107.1795774648
11857.2746478873
12404.3485915493
12703.0845070423
12755.2746478873
11862.0211267606
12074.1161971831
11837.6830985915
12027.6232394366
14085.2183098592
11905.4647887324
12678.5633802817
12790.5316901408
11644.8838028169
12374.2711267606
12882.3063380282
12137.1584507042
12515.5985915493
10601.161971831
12889.5422535211
12400.7570422535
12083.3943661972
11138.3626760563
12294.6514084507
12052.3697183099
11017.2922535211
11703.4788732394
11389.5457746479
12199.4401408451
10732.5774647887
11503.6021126761
12555.6795774648
11727.573943662
12845.8521126761
10706.4577464789
13522.6478873239
10831.9683098592
12046.4964788732
12575.0316901408
11441.8767605634
10333.4154929577
11704.0035211268
11427.3063380282
12041.9718309859
11907.4190140845
11552.6936619718
12541.1936619718
11768.0246478873
11823.4788732394
12394.6302816901
12491.8450704225
11724.4577464789
11462.8485915493
12423.8415492958
11893.0809859155
12972.1267605634
10970.0035211268
11959.1936619718
12520.4225352113
10900.7323943662
10980.1478873239
11128.3908450704
10852.9507042254
12073.8943661972
11325.9894366197
10819.0422535211
11820.7922535211
12045.0598591549
11722.2253521127
11229.8204225352
11105.4471830986
12658.0457746479
12624.3908450704
12266.0563380282
11161.4190140845
11101.514084507
12175.5950704225
12332.6936619718
12074.1408450704
11664.7676056338
10956.8415492958
11396.7253521127
12256.4823943662
11133.3978873239
12716.3661971831
11130.5704225352
12339.6126760563
11254.0669014085
10858.4964788732
12156.0281690141
11749.3802816901
11880.5845070423
11778.2535211268
11115.2288732394
12853.3485915493
11674.6514084507
11663.2570422535
11829.5633802817
11512.6408450704
11833.7042253521
11688.6021126761
12292.1866197183
12461.1901408451
12716.4577464789
11414.1690140845
12012.0985915493
11022.661971831
12080.1021126761
11278.2957746479
11142.8133802817
12714.0633802817
12042.2711267606
10913.2429577465
12050.2007042254
12283.8485915493
11723.5950704225
12325.6514084507
12775.8133802817
12939.8309859155
11541.2253521127
13423.9753521127
11898.8626760563
12585.3063380282
12331.4612676056
11389.7077464789
11112.0950704225
11156.764084507
11491.6197183099
10737.6373239437
13049.1866197183
11532.1866197183
11827.7746478873
11325.6514084507
13219.5316901408
12007.764084507
12889.3802816901
12137.4471830986
11785.9647887324
11643.1795774648
12086.8626760563
12580.6549295775
10650.3908450704
12112.8873239437
12032.8908450704
13474.2464788732
12821.1936619718
12613.9507042254
12100.5352112676
11839.4718309859
11754.4084507042
11079.4894366197
11495.4718309859
11367.0316901408
12168.2922535211
11720.1901408451
12462.2183098592
12216.4014084507
10729.7781690141
11906.0281690141
12364.2992957746
10628.8556338028
12460.9683098592
12618.8697183099
11657.5422535211
12014.661971831
11598.8978873239
13240.3309859155
11285.0281690141
10570.1584507042
12507.2816901408
11636.176056338
12239.485915493
12482.6161971831
11837.9542253521
12054.5211267606
12058.5492957746
12022.3943661972
12094.0176056338
11823.514084507
12775.4929577465
11169.926056338
11803.9823943662
12307.6654929577
12000.8556338028
12135.9014084507
12683.5563380282
10772
11471.7253521127
11658.5387323944
12934.5
11332.8802816901
11227.6126760563
10993.9330985915
12294.5457746479
12057.426056338
12257.9401408451
12461.6584507042
11954.7183098592
13019.8873239437
13327.4929577465
11000.1654929577
12768.7957746479
13152.5316901408
13211.5422535211
12561.823943662
11237.2605633803
12546.2992957746
13325.9295774648
11528.0316901408
11497.4823943662
12509.838028169
10675.0316901408
11000.5528169014
10810.5316901408
12826.838028169
11764.3028169014
12136.2852112676
12819.6373239437
11986.8873239437
12190.1021126761
12354.4366197183
12113.9612676056
12496.6584507042
12304.7781690141
13052.9190140845
11898.4436619718
11978.9542253521
12089.9330985915
14107.838028169
11057.0176056338
12202.0387323944
12445.588028169
12878.5387323944
13048.6021126761
12531.1901408451
11081.4753521127
11892.6584507042
12608.2429577465
11609.5387323944
11488.9894366197
11150.8732394366
12850.6690140845
11762.2676056338
11868.0985915493
10819.1690140845
12987.6654929577
10853.5612676056
12202.4471830986
12477.1091549296
13937.4436619718
11158.6478873239
11808.6830985915
11177.985915493
10602.2147887324
12542.2781690141
11026.4612676056
11484.1690140845
11512.5105633803
11914.0633802817
11795.1408450704
11903.2323943662
13231.25
12469.7323943662
10786.323943662
11996.0492957746
11746.6302816901
11910.6232394366
12345.9295774648
12838.3345070423
10957.3309859155
11388.2253521127
11914.6338028169
13233.5492957746
11158.7922535211
13769.2077464789
10526.6021126761
11497.6549295775
12123.4471830986
11229.1056338028
12349.4929577465
11273.2711267606
11693.6126760563
12067.3485915493
11621.1161971831
12985.3626760563
11906.0985915493
11576.4542253521
11682.6584507042
12152.8873239437
11946.911971831
12227.0845070423
12563.0669014085
12727.2429577465
13430.2464788732
11542.411971831
12378.0316901408
11653.4084507042
10824.323943662
9911.50704225352
12561.1408450704
11714.1197183099
13567.0035211268
12204.0563380282
11327.0316901408
12727.7957746479
12411.8697183099
13232.9330985915
12074.3450704225
11250.6373239437
11328.4190140845
12216.8450704225
10811.1091549296
11997.3732394366
13182.8978873239
12379.2288732394
11379.0809859155
12376.1408450704
11536.7077464789
12696.0316901408
12819.4014084507
12494.7147887324
12321.411971831
12635.014084507
12819.3415492958
12398.7781690141
11562.8697183099
11515.6302816901
11800.7394366197
11207.4507042254
11635.1584507042
12414.3521126761
10887.2676056338
11471.8732394366
12962.6302816901
12154.8204225352
12362.4471830986
11472.5633802817
11784.8204225352
11758.4718309859
11080.4647887324
11081.0457746479
10770.75
11657.6197183099
11133.8978873239
11641.1549295775
11266.2464788732
13266.7253521127
11694.6654929577
13803.5774647887
12818.5950704225
12050.514084507
11647.4929577465
12124.2218309859
12258.4401408451
12790.2007042254
12602.1866197183
10921.8098591549
12575.3133802817
12060.75
12096.588028169
9981.59894366197
11842.7711267606
11295.5492957746
11983.1408450704
11936.3404929577
11322.088028169
13110.4577464789
12419.5809859155
12383.838028169
12449.7077464789
12323.9366197183
13664.0352112676
11596.2112676056
11395.6654929577
12575.4401408451
11969.2535211268
11290.8732394366
12508.6549295775
12715.2042253521
12602.4295774648
10990.2112676056
11955.9436619718
11686.3873239437
12055.6126760563
12383.6549295775
14145.9718309859
12200.7323943662
11935.5387323944
11935.4471830986
12764.4295774648
11367.5915492958
10919.8873239437
12245.7570422535
10976.2852112676
11418.4964788732
12754.4225352113
13380.8274647887
11314.2605633803
12134.5809859155
12256.9894366197
11663.9612676056
12871.2992957746
12978.2957746479
12539.5598591549
12060.823943662
12154.764084507
12835.6725352113
11994.338028169
12358.3169014085
12514.3838028169
11900.1232394366
10849.2570422535
11421.6690140845
11898.3873239437
12190.9823943662
11922.4929577465
11909.6971830986
12401.1021126761
11125.9964788732
12448.2887323944
11331.1690140845
12917.0598591549
12486.9753521127
11626.2147887324
12281.1443661972
10694.2183098592
10260.8591549296
12011.2957746479
12315.5316901408
13106.1373239437
12903.3204225352
12255.0316901408
11952.3978873239
10599.8556338028
11417.7852112676
12364.9542253521
12243.4295774648
12458.2218309859
12590.2183098592
12518.7077464789
11267.1373239437
12310.3415492958
11685.573943662
11597.8485915493
12305.8485915493
12860.9894366197
12240.4330985915
13102.161971831
12155.485915493
12802.3098591549
12960.9753521127
12471.7394366197
12344.573943662
11380.8838028169
12238.7429577465
11734.2323943662
10893.1056338028
11685.8838028169
12250.5950704225
12721.7605633803
11882.9894366197
11603.0845070423
11989.264084507
12886.0774647887
11770.7183098592
11114.3521126761
11929.7746478873
12286.838028169
11911.4612676056
12722.8908450704
12693.1408450704
12050.4753521127
10685.4366197183
11966.0563380282
13760.9507042254
12316.4366197183
11710.926056338
12822.7992957746
12321.75
11306.9788732394
11917.9612676056
12449.0915492958
13021.3274647887
11969.4612676056
10489.6338028169
11757.8485915493
11075.588028169
13219.7218309859
12708.338028169
12101.7957746479
12160.6126760563
10638.1306338028
12912.6267605634
11908.7887323944
12147.6197183099
11543.911971831
12106.088028169
12092.676056338
12132.3450704225
10902.1866197183
11689.5528169014
11224.4014084507
13037.9154929577
11310.5387323944
12219.0915492958
11900.2711267606
11619.6725352113
11292.2676056338
11792.5281690141
11481.1830985915
11434.8309859155
11858.0845070423
12037.2183098592
11144.2218309859
12042.764084507
11593.8169014085
12083.3908450704
12442.088028169
12558.2535211268
12445.0845070423
12291.338028169
11157.9471830986
12166.8626760563
11037.75
11193.8908450704
11645.0211267606
12566.5176056338
11909.8838028169
10670.6338028169
11367.6936619718
11365.8345070423
12349.8591549296
11648.7605633803
12256.7429577465
11870.75
12461.3028169014
12581.5598591549
12771.7464788732
12130.2992957746
12222.2816901408
12599.5246478873
11437.5422535211
10903.6126760563
13130.0211267606
11636.0669014085
11321.9929577465
12074.25
11162.6302816901
11783.1866197183
11329.588028169
12120.7147887324
11880.4929577465
12720.7077464789
12444.7323943662
11417.6267605634
11871.0422535211
11895.5352112676
11597.2887323944
12389.911971831
12215.2957746479
12190.8345070423
11372.9190140845
11274.264084507
11839.4683098592
12864.2429577465
11985.1267605634
