"x"
12030.4718309859
10104.4665492958
12306.3591549296
11812.5985915493
10904.1267605634
12129.4366197183
10768.6830985915
10549.2147887324
11846.088028169
10561.4507042254
11765.6126760563
10991.6408450704
11240.5563380282
10477.3908450704
12302.6654929577
12340.2957746479
10030.3095070423
11036.4295774648
11946.0669014085
11512.4683098592
11477.3767605634
11302.6126760563
9873.58133802817
11230.0598591549
11505.8697183099
11272.75
10528.6021126761
11835.9788732394
10444.5176056338
11310.676056338
11034.4683098592
11968.9894366197
11731.823943662
11354.3485915493
11641.9330985915
11583.1725352113
11439.0281690141
10959.7183098592
12268.4823943662
12423.6126760563
11713.0985915493
12422.4295774648
10979.676056338
11233.426056338
10828.9084507042
11521.6408450704
11696.1936619718
11253.1654929577
13225.9225352113
10548.0422535211
10159.6873239437
12453.0669014085
10886.0225352113
12372.8732394366
11765.2570422535
12245.3133802817
11574.2957746479
11734.7746478873
11099.7077464789
11881.0774647887
11142.411971831
12927.485915493
11342.8873239437
11592.6338028169
10848.5774647887
10333.2394366197
9429.78345070423
11173.0176056338
10657.75
11239.4225352113
11278.7183098592
11843.2992957746
11142.6373239437
10281.5316901408
13396.2535211268
11582.9894366197
10732.1302816901
10237.3450704225
11866.7746478873
10839.4471830986
11600.1936619718
10534.4507042254
12519.0246478873
12518.2429577465
11274.8802816901
10522.3661971831
13388.1373239437
11751.6795774648
10833.4401408451
10827.4366197183
10898.0352112676
11974.9823943662
10919.4049295775
10533.2795774648
10910.3661971831
12103.0387323944
11817.9084507042
12445.2007042254
12019.1936619718
12246.2077464789
10585.0176056338
10978.0492957746
10916.2957746479
10761.5563380282
10742.5669014085
11987.2922535211
11620.5915492958
11767.5633802817
10166.5066901408
12049.7288732394
11539.6338028169
12269.2394366197
11835.1091549296
12314.2183098592
11050.2288732394
12172.3274647887
12151.0176056338
12707.7957746479
11654.3063380282
10334.4929577465
11466.2852112676
9995.55176056338
12251.3732394366
12092.9295774648
11983.6795774648
11915.4542253521
11342.1830985915
10451.3838028169
11275.0598591549
11677.0633802817
10886.5492957746
11586.0352112676
11711.8943661972
10107.0126760563
11742.9894366197
11445.9190140845
10807.8767605634
11610.6654929577
12307.4823943662
11709.0176056338
11303.6056338028
11742.5387323944
9804.74190140845
11151.8626760563
11328.1830985915
10590.0845070423
11704.514084507
11572
10603.8661971831
12556.1056338028
11263.9295774648
10726.6373239437
12314.2183098592
11503.8169014085
12026.8345070423
12161.2394366197
12062.1056338028
11424.9683098592
12050.8521126761
9943.51232394366
10795.4848591549
12969.1478873239
10853.411971831
10671.3661971831
11440.0035211268
11109.161971831
11743.25
11233.9753521127
11531.2147887324
11283.2676056338
11300.514084507
11012.6971830986
11199.8204225352
11710.5633802817
11241.235915493
12038.9647887324
12031.3098591549
10134.3450704225
10405.3521126761
12688.735915493
10415.3626760563
12099.7816901408
11122.2535211268
11578.4014084507
11303.2746478873
11210.4683098592
11395.7781690141
10806.6901408451
10295.0669014085
11604.6056338028
10703.7781690141
12110.9542253521
10666.4471830986
11324.3274647887
9755.17183098592
12577.9190140845
11143.3556338028
11089.014084507
13103.1056338028
11712.8204225352
11237.1302816901
11312.3028169014
11728.4612676056
11137.3098591549
11429.6936619718
12265.2676056338
11210.8873239437
12243.6267605634
11349.9401408451
11126.1197183099
11352.3274647887
10638.2922535211
12206.3098591549
11076.0176056338
11023.4542253521
12172.8978873239
12012.4964788732
11620.1654929577
11665.6161971831
10787.8978873239
11784.3697183099
10949.0950704225
10353.3556338028
11444.3098591549
10711.8450704225
11663.7570422535
10684.0985915493
11126.9929577465
10627.8556338028
10183.9330985915
12426.1514084507
11657.4718309859
12612.2746478873
11678.2922535211
10189.0528169014
11818.1443661972
11492.0457746479
11675.8838028169
11504.6161971831
11349.7746478873
12684.3943661972
9874.51866197183
12577.4401408451
12326.838028169
10915.8732394366
10996.8908450704
10884.3521126761
10809.8345070423
11910.6232394366
11764.6866197183
11453.3098591549
10877.7746478873
10746.2535211268
12734.8028169014
11338.2464788732
11467.4471830986
13680.8098591549
10839.5246478873
12002.9542253521
11763.4295774648
11313.6021126761
11789.3450704225
12023.1866197183
11067.573943662
10903.5387323944
10944.0950704225
10962.9471830986
11579.7605633803
11699.9612676056
12043.4718309859
11608.4225352113
11941.6373239437
10047.0292253521
10712.8415492958
11984.4225352113
10327.5070422535
10902.7112676056
12442.3943661972
11314.4647887324
10130.7362676056
10000.9612676056
8948.45105633803
11195.9894366197
12228.4894366197
10340.9225352113
11795.4084507042
11290.2218309859
10763.4295774648
10322.8978873239
11313.0633802817
12852.573943662
12348.0704225352
10874.514084507
12570.0563380282
12584.9084507042
10861.7323943662
11356.7852112676
11592.1302816901
10507.8204225352
10061.6200704225
10464.0492957746
11078.7218309859
12143.1338028169
11713.4295774648
11183.823943662
10940.7112676056
10803.0950704225
10889.8098591549
11948.9436619718
10253.838028169
11023.1971830986
12100.1830985915
12452.1866197183
10379.5492957746
11436.2464788732
10313.4366197183
11701.5985915493
11510.264084507
10960.8838028169
11937.8521126761
11317.6021126761
11740.2183098592
10500.4049295775
12456.5563380282
10526.4823943662
11813.7781690141
11310.4964788732
11029.9894366197
12924.8732394366
10719.9894366197
11199.2676056338
11596.7112676056
10842.5633802817
13025.8098591549
10743.9330985915
10592.8802816901
10752.9436619718
11214.4014084507
11978.9683098592
11520.9471830986
10850.6901408451
11325.1197183099
12290.9929577465
10798.6654929577
11400.2112676056
10707.9190140845
11038.8521126761
9974.14542253521
10578.8415492958
12098.6795774648
9737.45809859155
11724.5246478873
12717.5528169014
10304.1161971831
11461.2042253521
11474.985915493
12332.7429577465
11456.1866197183
10206.0961267606
11526.1514084507
11614.0387323944
11461.5352112676
11399.7746478873
11972.6302816901
11135.514084507
11239.4190140845
11285.0281690141
11573.8063380282
11823.3697183099
11210.1478873239
11180.6056338028
11592.5669014085
12375.8274647887
12644.1795774648
11645.8521126761
10985.1795774648
11590.8661971831
10886.4894366197
12546.4366197183
11619.4542253521
10241.3521126761
10927.9753521127
11600.4014084507
12753.0070422535
9598.73133802817
11791.6654929577
11040.0457746479
9805.80633802817
12715.588028169
10395.7957746479
10869.4225352113
10740.7922535211
11045.6408450704
11196.4225352113
11935.5492957746
11433.9894366197
11331.2535211268
11296.9753521127
11539.8943661972
9409.37323943662
10087.0165492958
12175.6478873239
11700.8978873239
11829.1901408451
12407.3626760563
12524.7253521127
10949.073943662
10699.6866197183
12054.8838028169
10400.3063380282
9132.46091549296
10460.2570422535
11985.7711267606
12126.2535211268
11915.6654929577
11010.7288732394
10834.0950704225
12203.5211267606
13233.0669014085
10635.5704225352
11436.8063380282
10558.5669014085
10787.588028169
12292.4929577465
12182.9049295775
10797.3028169014
10935.0528169014
11043.823943662
12701.6936619718
11446.6161971831
10487.585915493
9755.16056338028
11829.7147887324
11966.0633802817
10613.0176056338
11483.4929577465
11932.2042253521
12799.2535211268
12618.2147887324
11687.1056338028
10686.6971830986
12109.0281690141
10324.0176056338
12342.0528169014
11098.5035211268
10710.2288732394
12152.9929577465
12723.5633802817
11757.9084507042
10646.8063380282
10251.6161971831
10277.2190140845
11832.5985915493
9962.51971830986
12410.1514084507
11172.1302816901
11411.4929577465
11765.4401408451
12021.7957746479
11332.0035211268
11289.5633802817
12537.2042253521
10530.3345070423
12526.0598591549
10300.6232394366
10747.2816901408
12114.1830985915
12393.0070422535
11132.3908450704
11752.9471830986
10676.1654929577
11721.2253521127
11839.7887323944
11564.2957746479
10458.088028169
11343.9647887324
10678.9964788732
10834.1549295775
11078.9894366197
11234.838028169
11437.8908450704
11253.7605633803
10657.1584507042
10728.4612676056
12053.7711267606
10663.926056338
11852.7676056338
12387.8732394366
12126.1795774648
11414.485915493
11222.7852112676
11127.0457746479
9779.80035211268
10890.7077464789
9839.39401408451
11702.6654929577
11666.7112676056
10258.1584507042
9814.12570422535
11245.4964788732
10948.0281690141
12423.0845070423
10429.2464788732
11997.9295774648
12056.0281690141
11901.4507042254
11892.8661971831
13512.8485915493
10517.0598591549
12213.7852112676
11236.2957746479
12605.7077464789
10361.2781690141
12865.1338028169
9586.27535211268
11246.6654929577
12262.5422535211
10534.8274647887
11766.5070422535
12485.6056338028
10770.4225352113
11763.8309859155
11104.9577464789
11781.8274647887
11002.9084507042
11622.5704225352
11767.5985915493
11479.411971831
12292.0669014085
10615.5669014085
10792.5774647887
11663.9436619718
12493.838028169
11354.7570422535
11603.661971831
10833.4929577465
10294.2852112676
10552.8063380282
10443.8591549296
11306.5422535211
12148.3591549296
11496.6126760563
11137.2746478873
11042.5704225352
12905.2112676056
12633.2957746479
10979.9225352113
10876.7183098592
9865.30633802817
12286.9330985915
11258.8274647887
10827.1971830986
10718.1161971831
11917.6830985915
10528.2323943662
12333.014084507
10803.4471830986
10755.3345070423
12030.1091549296
11603.264084507
10559.1443661972
12926.2746478873
10406.911971831
10365.1514084507
11393.8063380282
12391.1302816901
11889.3028169014
10780.5563380282
12365.5246478873
9911.91197183099
10333.4612676056
12163.4683098592
10742.4154929577
12930.1654929577
12545.2676056338
11094.7922535211
11226.3204225352
11663.9577464789
10963.2922535211
11589.0633802817
10812.5528169014
10578.9225352113
10560.3028169014
11288.3450704225
11551.6408450704
10714.7992957746
12161.0598591549
12723.9823943662
11625.5528169014
10847.3732394366
11682.2218309859
11667.8063380282
11507.2288732394
12141.4542253521
11499.9788732394
10300.5528169014
11929.5422535211
11532.3802816901
12480.9964788732
8229.6176056338
11119.4753521127
10065.5570422535
11635.9014084507
12035.0387323944
11810.1267605634
12095.4788732394
11089.7007042254
11699.6021126761
12047.661971831
11310.8943661972
11161.8908450704
10751.4542253521
10288.3133802817
11807.9330985915
11812.676056338
9806.05281690141
12422.2112676056
11582.3591549296
11812.5070422535
10330.4788732394
11426.1408450704
11589.235915493
10795.161971831
11220.5774647887
10832.3661971831
10707.4471830986
10581.9753521127
11334.1725352113
12277.8204225352
10829.1866197183
11688.9929577465
12158.8591549296
10348.5211267606
9939.5514084507
10159.961971831
11148.5246478873
11944.7816901408
12231.5176056338
11106.2183098592
10996.2922535211
11920.985915493
11479.3591549296
12386.7253521127
11967.8661971831
11188.6901408451
10979.823943662
10941.8415492958
10989.3098591549
12062.6478873239
11434.2605633803
11970.3591549296
10112.7133802817
11808.588028169
12010.5528169014
11769.1901408451
10395.2535211268
11825.2746478873
10658.6654929577
12638.7007042254
11608.4225352113
10941.8697183099
10993.7992957746
11625.9788732394
10500.6161971831
10377.6021126761
9454.02676056338
10235.6278169014
10179.2580985916
11072.3943661972
11944.1197183099
11951.2746478873
11298.4929577465
9706.87605633803
10920.4471830986
11170.338028169
11256.3591549296
10565.8345070423
10695.9718309859
12928.3943661972
9944.02394366197
11641.6830985915
10933.2147887324
10241.4788732394
11725.75
12572.4154929577
12058.3591549296
11654.5845070423
12528.235915493
11913.0105633803
11736.6408450704
9754.2426056338
11530.6584507042
11398.0950704225
11523.8873239437
11744.5352112676
11118.9753521127
10484.4542253521
11733.1373239437
13159.1971830986
11936.4436619718
11029.6830985915
10972.0352112676
12546.8732394366
11651.0352112676
11410.5598591549
11843.5422535211
10337.2475352113
11896.8133802817
11832.588028169
13333.0845070423
11186.8345070423
12343.7112676056
11108.4929577465
12474.3274647887
12726.7957746479
11423.823943662
13098.3697183099
12536.2570422535
11952.0774647887
10300.2887323944
12170.1690140845
11822.838028169
10977.7605633803
10654.5211267606
10578.4823943662
9890.65915492958
11973.0598591549
12254.0845070423
11469.4753521127
11092.1126760563
10406.7073943662
11663.2042253521
10738.8098591549
10766.1161971831
9520.0676056338
12024.8521126761
10452.2711267606
11059.7570422535
11823.8838028169
11100.7852112676
11378.4436619718
11676.4647887324
11403.0457746479
10723.4718309859
13055.1901408451
11140.3098591549
11176.8485915493
11268.1302816901
11682.4295774648
12250.0105633803
11428.9190140845
12382.9894366197
11336.0176056338
11228.4014084507
11465.1443661972
8318.03028169014
12597.8028169014
11062.7605633803
11964.1197183099
12600.1549295775
10877.485915493
12117.573943662
10997.4507042254
10788.9753521127
10193.0725352113
11429.0105633803
11303.6549295775
10081.8169014085
10864.8697183099
12057.8521126761
11266.1408450704
11206.3697183099
12062.9154929577
11968.3943661972
11397.4753521127
11718.3732394366
12617.5915492958
11820.3169014085
11415.6936619718
11713.8309859155
11668.5915492958
10538.1091549296
11106.0915492958
11822.7746478873
11106.0281690141
11719.7183098592
11150.1197183099
11225.1091549296
11116.6126760563
11289.9964788732
11391.2852112676
12356.3204225352
11300.7218309859
9876.06197183099
12430.2253521127
10896.014084507
10980.7746478873
12110.8169014085
10570.1795774648
11228.1584507042
10015.6873239437
11008.9964788732
9964.04929577465
12744.6478873239
11919.3661971831
