"x"
12115.3169014085
12884.6408450704
12946.8838028169
12249.5176056338
13484.25
12246.8274647887
14955.1373239437
13512.25
12240.9049295775
13566.2711267606
12408.8485915493
12819.5457746479
13267.5845070423
12118.6690140845
11656.3485915493
12471.8133802817
13937.161971831
13992.5563380282
12326.264084507
11415.1690140845
12515.5633802817
12748.7288732394
15509.8485915493
13032.5528169014
14181.5246478873
13988.4049295775
13034.2922535211
13118.0809859155
13657.4507042254
13137.4612676056
13252.3661971831
13415.8274647887
12977.985915493
13006.2394366197
11844.1056338028
13869.5563380282
12516.9718309859
13932.2605633803
11564.7605633803
12520.3450704225
11440.2112676056
14243.3204225352
13214.3309859155
13721.8028169014
12889.2992957746
12777.8556338028
11508.6866197183
12199.9929577465
12588.6302816901
13539.8450704225
13798.1936619718
12819.8802816901
12952.7992957746
12569.8697183099
12747.0915492958
12015.6232394366
12604.1338028169
12536.3697183099
15039.1936619718
11186.5528169014
13198.1232394366
11910.1126760563
13751.5387323944
12640.411971831
14423.0492957746
13525.3063380282
14258.338028169
12350.1725352113
16321.4084507042
13435.7288732394
14206.1338028169
14522.7042253521
14039.2676056338
14846.0105633803
10818.5492957746
15268.4401408451
12972.7464788732
14399.9014084507
14094.5035211268
12746.1161971831
14870.161971831
14032.5845070423
11666.6232394366
12901.4084507042
12206.3943661972
13375.3133802817
11753.9929577465
13345.6584507042
13357.5528169014
11171.2957746479
14238.8133802817
12917.6267605634
13674.1971830986
12212.0950704225
14146.0035211268
12814.0176056338
13393.4753521127
12327.8697183099
12481.7746478873
13007.1866197183
14306.6091549296
12006.1830985915
14973.7816901408
14602.7464788732
14087.3098591549
11680.7077464789
11482.7394366197
12886.7852112676
13286.8943661972
13834.3661971831
13103.5845070423
11763.7852112676
12468.0845070423
11768.9612676056
13164.1514084507
14787.6056338028
11277.588028169
12618.7112676056
13996.8204225352
14898.3591549296
13763.1091549296
14886.9788732394
13145.5915492958
13124.6373239437
13189.6302816901
12650.7007042254
13393.7816901408
13231.75
13873.1056338028
13856.1725352113
12730.8661971831
13053.8098591549
14156.6021126761
13916.8521126761
13221.5774647887
13396
13017.6478873239
12501.2077464789
14922.7429577465
13636.0845070423
12344.5070422535
11730.8521126761
14185.25
13005.1373239437
14485.3098591549
13311.3626760563
11245.0528169014
13562.5352112676
10280.0774647887
12658.9330985915
11247.8098591549
14879.4014084507
13707.1830985915
13708.8802816901
12840.0950704225
11916.6302816901
12385.3591549296
13911.2816901408
12646.5316901408
14160.7464788732
14384.7922535211
14187.8450704225
13639.6443661972
13585.9436619718
12158.4577464789
15885.7042253521
13583.2922535211
13522.3415492958
14409.4049295775
13918.3943661972
12430.8133802817
13037.3978873239
12508.6126760563
13737.823943662
14182.3978873239
11834.1549295775
12132.0845070423
13649.1056338028
13927.5598591549
13380.9612676056
12765.3591549296
15424.0105633803
13051.4788732394
14152.5387323944
12778.4471830986
12725.2711267606
12395.1866197183
13177.5457746479
13517.1901408451
14368.6725352113
13836.9154929577
13404.6725352113
13454.1584507042
12975.75
15146.2852112676
12804.3274647887
12934.7852112676
14091.3133802817
11549.6690140845
12798.8309859155
13440.4330985915
14342.0915492958
13306.0845070423
14414.573943662
11945.4014084507
14562.9401408451
13183.0035211268
11225.7218309859
13016.5528169014
16901.6126760563
14157.5035211268
14373.3309859155
14515.176056338
14037.161971831
11909.8661971831
12764.573943662
13837.2007042254
12641.338028169
12492.0915492958
14040.8838028169
14665.3626760563
12440.9154929577
14128.0246478873
13870.9084507042
13455.5845070423
13201.4753521127
13644.3169014085
13849.5669014085
13160.5246478873
12722.5492957746
12217.3485915493
12728.676056338
13339.6126760563
14354.5950704225
16213.9507042254
12869.6443661972
13449.5422535211
13383.088028169
13215.5176056338
11864.8309859155
11834.1514084507
13808.5985915493
11814.161971831
12946.5563380282
15564.2323943662
15371.676056338
15393.0492957746
12868.2535211268
10421.4788732394
13881.1338028169
12980.5176056338
14134.7676056338
14839.8204225352
11845.7992957746
14752.0563380282
13739.9894366197
11918.9823943662
14796.5704225352
11330.735915493
14512.3133802817
14145.7429577465
13059.0774647887
12338.5845070423
12688.0211267606
15246.0211267606
14094.6161971831
15522.9788732394
13814.3274647887
14201.2288732394
12904.985915493
12091.75
13029.2922535211
13279.1866197183
13444.6373239437
11384.4330985915
15170.6725352113
12811.7887323944
13101.0704225352
13904.2570422535
12700.0457746479
13637.7605633803
13193.7535211268
12279.8908450704
13674.5704225352
14971.6056338028
12442.9823943662
13585.5105633803
14523.25
12996.2992957746
12572.7887323944
13479.4647887324
12255.764084507
12981.3450704225
14817.2781690141
11166.3063380282
13420.3485915493
13072.2992957746
13324.9084507042
17441.9507042254
14723.764084507
15154.8838028169
13784.1091549296
13105.0633802817
12595.0598591549
14097.2112676056
13658.4471830986
12158.411971831
13762.5704225352
12559.3309859155
13718.735915493
13424.9718309859
12800.3028169014
13452.7852112676
14867.3838028169
16578.3908450704
14011.3556338028
12570.8309859155
14317.1725352113
13884.2042253521
13868.0281690141
14152.0211267606
14254.6830985915
15125.3485915493
12078.4507042254
13827.3450704225
13665.6056338028
12984.8732394366
13746.9542253521
13533.4542253521
14485.9577464789
14571.1654929577
13791.3485915493
14115.0316901408
12316.4471830986
13337.0598591549
13516.6126760563
12643.7323943662
13286.6971830986
14228.9542253521
12808.088028169
14583.4929577465
13477.2218309859
12629.3556338028
15183.9084507042
14520.235915493
15393.0633802817
13966.6373239437
13038.1971830986
14177.6478873239
14873.6161971831
14346.4577464789
12228.2605633803
13519.9330985915
13509.2676056338
13157.6373239437
12650.5809859155
12754.4507042254
12252.6795774648
12802.1830985915
11521.8485915493
13773.2042253521
12237.7816901408
12799.1338028169
14128.25
13584.8661971831
13409.2957746479
14507.3873239437
15825.1197183099
13364.838028169
14932.9084507042
14867.514084507
14553.6056338028
12100.4190140845
12541.7852112676
13308.8521126761
13912.2218309859
13699.1373239437
14755.2816901408
13391.8661971831
11236.0422535211
14976.6091549296
13243
11398.0105633803
10810.8169014085
12588.911971831
11913.5176056338
12749.676056338
13750.1267605634
12764.573943662
13998.5422535211
13989.6091549296
13672.2042253521
11618.5035211268
13532.2816901408
12603.3063380282
14088.6584507042
14624.7464788732
13243.3873239437
13453.9718309859
16579.9049295775
13602.4401408451
11305.3661971831
13795.6197183099
13518.9225352113
11630.4014084507
11388.073943662
13833.338028169
15626.6971830986
12865.2183098592
13973.8908450704
15171.3309859155
13654.3063380282
13445.8485915493
12279.3098591549
13411.9330985915
12615.8450704225
13514.9049295775
13254.7147887324
12719.3802816901
14177.3309859155
12991.0457746479
12224.735915493
12993.4964788732
14159.2394366197
12206.1901408451
14598.5
14793.2253521127
15117.6091549296
10994.0704225352
13815.6197183099
14407.5809859155
14340.6056338028
13104.3943661972
12893.911971831
13257.0598591549
13606.4929577465
12140.0316901408
11775.014084507
11977.9190140845
15385.735915493
12585
10311.6725352113
13176.7957746479
11111.25
15170.3802816901
13089.0915492958
12234.2746478873
14181.8521126761
13571.1302816901
12534.3169014085
14801.7781690141
12830.7077464789
13269.6302816901
13488.8450704225
13322.6584507042
12183.926056338
13496.0070422535
12833.8309859155
13461.1549295775
13008.9612676056
14488.4014084507
11672.6267605634
12861.0387323944
11930.8415492958
15109.8767605634
14525.176056338
12779.9154929577
11511.9683098592
14040.4683098592
13313.2746478873
13706.5176056338
13923.1373239437
12050.2112676056
13164.7288732394
14585.6373239437
14318.2253521127
13495.7112676056
13955.0316901408
14034.8626760563
14460.9401408451
14002.8838028169
13841.1549295775
12477.4084507042
13873.7464788732
12394.8626760563
15289.6584507042
13581.4014084507
13067.9507042254
12115.5422535211
14220.5528169014
13858.6197183099
16173.4436619718
16991.1936619718
12558.25
15629.1126760563
14166.6408450704
14849.264084507
13314
14625.426056338
12812.7781690141
12104.0316901408
12255.5246478873
14965.3943661972
14276.5070422535
13382.3767605634
12712.3661971831
13860.2183098592
12838.3521126761
14936.9014084507
13682.3591549296
13543.7007042254
12257.1408450704
15231.3345070423
10567.4471830986
17201.4014084507
13828.7605633803
13392.3063380282
15202.5950704225
12891.2957746479
13722.6866197183
14920.5457746479
12536.0950704225
14056.3098591549
11831.6936619718
13788.8767605634
12254.4647887324
12036.6373239437
13208.0774647887
12897.4718309859
13832.5035211268
12811.6232394366
13729.9190140845
11391.235915493
14233.1478873239
12846.25
12909.0035211268
14820.7218309859
12090.823943662
11978.1901408451
13118.588028169
10943.8521126761
13217.9436619718
14657.2746478873
13086.9436619718
13289.1901408451
12882.75
14990.323943662
14532.4507042254
14341.4542253521
14542.4753521127
14870.5387323944
13230.6161971831
12795.6126760563
13758.6056338028
16436.5422535211
12240.5669014085
14810.1338028169
12468.1936619718
12843.2218309859
12436.6338028169
13811.3028169014
11203.323943662
11997.8204225352
13914.411971831
12623.485915493
13512.7253521127
14557.1901408451
14657.1971830986
13814.235915493
12543.2429577465
16283.1936619718
13320.7042253521
13644.7183098592
12393.0704225352
12084.8943661972
14634.4577464789
14473.3345070423
14325.7605633803
14439.4929577465
14476.911971831
12913.6056338028
14468.7570422535
14320.5845070423
15022.9683098592
14276.161971831
12204.2957746479
11930.2253521127
11750.1408450704
12844.25
12681.5352112676
12523.2323943662
12856.2605633803
13676.5492957746
13294.9647887324
12323.1971830986
15016.5563380282
12801.0281690141
12715.0633802817
11331.2147887324
17108.264084507
13522.1373239437
15625.3767605634
14297.8661971831
12038.8908450704
13476.2464788732
11746.9049295775
12415.985915493
13604.6338028169
10840.2112676056
13802.0176056338
12445.2992957746
14249.0809859155
12766.1056338028
12430.5246478873
12869.7288732394
14242.588028169
13051.573943662
12576.7112676056
13010.5704225352
15193.4683098592
13597.2464788732
14214.6056338028
14671.6021126761
14132.9577464789
12337.6830985915
13509.4084507042
14066.4683098592
12830.0528169014
11455.2464788732
14325.1478873239
15365.661971831
13053.3697183099
15150.2535211268
15219.1232394366
12985.8943661972
12191.7112676056
13623.8732394366
11673.5211267606
14788.6021126761
13730.8204225352
11991.6056338028
12650.5669014085
12489.0704225352
13709.088028169
12901.235915493
12669.9612676056
13848.823943662
12343.3309859155
12266.8098591549
13059.4612676056
13478.2288732394
13243.4542253521
13360.7183098592
13078.9647887324
12417.1549295775
14334.9507042254
12553.4542253521
15450.5176056338
12990.9823943662
13138.2816901408
12741.0035211268
13355.4612676056
12619.0492957746
13299.8169014085
13352.7077464789
15560.7464788732
14265.6161971831
13816.1197183099
13646.323943662
13080.6514084507
12630.6302816901
13065.6373239437
12000.176056338
13476.7147887324
11847.7007042254
12549.1197183099
13766.6795774648
13499.6197183099
12901.4507042254
15308.6584507042
13913.926056338
13988.1267605634
13775.3838028169
11708.8697183099
12737.5387323944
13843.6126760563
13257.3873239437
13001.7816901408
13121.7007042254
12350.0809859155
12678.6514084507
12357.8626760563
13617.0598591549
13324.0387323944
13239.7112676056
15456.1056338028
14867.1056338028
14030.5070422535
11760.8943661972
14110.4471830986
13547.3767605634
13280.985915493
12040.6373239437
12963.1021126761
13189.3204225352
14141.8978873239
12884.8028169014
13659.338028169
11506.3978873239
10994.4049295775
13935.8556338028
13797.0422535211
14041.8415492958
11934.6514084507
12780.6936619718
15354.4190140845
12452.9753521127
11739.2711267606
13456.661971831
12767.9929577465
13200.1443661972
13344.9330985915
13903.9929577465
16669.1584507042
14049.8098591549
14832.3345070423
11921.2711267606
13114.2816901408
13933.8063380282
12580.6443661972
15292.6338028169
12555.0176056338
14119.3802816901
13647.3556338028
13860.7288732394
13517.985915493
12666.676056338
12037.764084507
12276.264084507
13903.5422535211
13020.0950704225
10763.1690140845
14976.4683098592
14850.1056338028
12790.6901408451
14481.1338028169
12949.7253521127
13108.5281690141
12252.4823943662
13475.75
15210.3309859155
13423.5704225352
13346.5985915493
14022.1478873239
13612.7464788732
14761.6373239437
12323.6267605634
13657.573943662
12390.6866197183
12457.8873239437
11646.264084507
13765.3697183099
14153.9084507042
14298.9401408451
13655.1936619718
12609.2077464789
13620.7429577465
16447.1514084507
12988.7887323944
14706.6690140845
13259.0528169014
13644.3873239437
13232.735915493
12565.5035211268
12155.0669014085
13441.75
12723.3415492958
13426.426056338
14507.3978873239
13489.3063380282
11981.8767605634
14529.7464788732
11185.8063380282
13769.8873239437
14213.264084507
12808.485915493
15232.0211267606
13486.4225352113
13756.7147887324
13365.0105633803
14596.735915493
13472.6936619718
13513.5669014085
16189.4718309859
13745.7746478873
14202.3591549296
13764.7605633803
13180.2323943662
13958.1690140845
13688.9788732394
13451.014084507
13443.9929577465
15074.9577464789
11901.6267605634
13566.588028169
