“Y”
12554.7147887324
11614.9330985915
13046.2676056338
12538.8767605634
11904.1866197183
13367.4964788732
11545.3485915493
12502.7957746479
12446.2781690141
11532.338028169
12114.5633802817
12269.7992957746
12785.3943661972
11707.4401408451
12833.8978873239
12987.0211267606
11864.9084507042
11999.0492957746
12137.2781690141
12621.6232394366
12460.6866197183
12546.4471830986
10874.5352112676
11978.2852112676
11904.088028169
12288.5211267606
11494.8485915493
12262.7218309859
12221.3309859155
12165.3450704225
12790.2922535211
12586.6021126761
12332.3838028169
12094.6267605634
12553.014084507
13252.0528169014
11821.2077464789
12004.4401408451
12659.911971831
12881.4014084507
12934.9823943662
12773.0563380282
11883.6091549296
12522.8133802817
11349.8661971831
12342.4084507042
12613.2147887324
11577.3169014085
13154.1126760563
12033.6795774648
11823.9788732394
12874.3978873239
11557.6091549296
13228.1302816901
12996.3873239437
12757.6338028169
11811.6830985915
12010.7605633803
12330.5035211268
12675.3063380282
12175.4049295775
13053.8556338028
11657.4894366197
12553.8767605634
11151.1936619718
12427.5915492958
11235.0105633803
12174.1373239437
11472.6056338028
11768.3802816901
12162.2816901408
12369.9154929577
12433.1126760563
12041.8098591549
13452.2183098592
12440.823943662
12496.3802816901
11215.6690140845
12598.7746478873
11961.3767605634
12449.3309859155
12289.5281690141
12780.6021126761
12512.264084507
12211.7253521127
11312.5492957746
13350.2112676056
12325.7887323944
11836.7042253521
12082.3943661972
12683.3169014085
12118.7711267606
12117.1936619718
11583.0563380282
11850.8450704225
12630.8591549296
12363.1338028169
12615.6584507042
12794.6584507042
12404.1830985915
11727.3908450704
12621.2218309859
11443.8661971831
11789.2464788732
12543.0563380282
12139.6338028169
12722.014084507
12335.235915493
11671.9190140845
12679.6654929577
12442.3556338028
12756.4154929577
13144.5422535211
12821.2007042254
11831.4225352113
12306.588028169
12961.3169014085
12473.8767605634
12091.985915493
12283.8415492958
12754.0281690141
11867.8767605634
12640.5704225352
12837.8697183099
12969.9330985915
12300.6408450704
12033.4330985915
11920.0176056338
12374.5669014085
11735.5035211268
11717.8415492958
12351.5845070423
11900.7042253521
11575.6021126761
11913.9683098592
12125.5845070423
12312.3556338028
12780.6021126761
12638.8626760563
12441.8626760563
11897.2007042254
11905.2746478873
11350.3415492958
11717.6584507042
12194.426056338
11865.7218309859
12780.2535211268
12315.9647887324
12956.4753521127
12672.6408450704
12301.0281690141
11263.8521126761
12791.4049295775
12210.2781690141
12417.1021126761
13075.2147887324
12269.9295774648
12273.073943662
12840.926056338
11705.7253521127
12057.4964788732
12542.5211267606
12048.7816901408
11485.8133802817
11799.4471830986
11885.4718309859
12163.2711267606
12339.1936619718
11572.7288732394
11748.6126760563
12020.3169014085
12114.5774647887
12471.2042253521
12486.3345070423
12122.1654929577
12323.4190140845
12268.5316901408
11141.4542253521
12134.2218309859
13044.6091549296
12100.7429577465
12038.5281690141
11939.1971830986
12576.9718309859
11738.2007042254
12236.3204225352
12412.4295774648
11450.2288732394
12046.1373239437
11811.5352112676
12152.8661971831
12650.1408450704
11503.3133802817
12111.1267605634
11477.176056338
12483.5422535211
12572.2253521127
12342.8838028169
12987.1267605634
11935.7394366197
12219.3415492958
12883.3556338028
12005.0669014085
12122.8732394366
12918.3943661972
12756.926056338
12102.5352112676
12398.2711267606
13158.7147887324
12567.5281690141
11831.1901408451
11903.8838028169
12305.3873239437
11831.6830985915
12245.4894366197
13087.5
12715.9471830986
12429.8943661972
12922.2464788732
12184.6161971831
11703.3661971831
11992.3943661972
11678.9753521127
12659.7992957746
11789.7042253521
12704.9507042254
11774.6478873239
11746.7112676056
11927.0422535211
11986.8732394366
13169.0176056338
12601.088028169
12804.7394366197
11430.1267605634
10782.926056338
12583.8204225352
12540.5528169014
12397.6197183099
11604.3802816901
12242.5352112676
12767.5352112676
11259.8591549296
13013.2711267606
12554.6338028169
12058.411971831
12081.0563380282
12078.1056338028
12133.7147887324
11473.7922535211
11578.6795774648
12683.4330985915
12148.2183098592
11741.8169014085
12918.235915493
12583.5352112676
12850.1021126761
13228.2816901408
11849.1725352113
12615.5669014085
12183.6901408451
12086.4471830986
12771.5809859155
11960.4753521127
12114.0809859155
11616.1302816901
12048.4929577465
12076.6584507042
12186.4718309859
12574.0985915493
12625.9401408451
12162.7042253521
12505.8063380282
11649.0563380282
11927.764084507
12448.0387323944
11765.2394366197
11895.7464788732
12488.8345070423
12534.2781690141
10670.0598591549
11452.9190140845
12105.411971831
12560.9612676056
12377.5704225352
11299.3028169014
12707.764084507
12235.661971831
11841.2852112676
11329.1936619718
12734.2957746479
12986.4718309859
12578.3485915493
12149.8591549296
12934.3838028169
12724.411971831
11764.1654929577
11945.8978873239
12118.4049295775
11451.0633802817
11297.4471830986
11206.9049295775
11940.4154929577
12407.6514084507
11978.9507042254
11927.9929577465
12000.9964788732
12522.8873239437
12346.7852112676
12569.0352112676
11765.8274647887
11916.8802816901
12947.9401408451
12336.3697183099
11645.588028169
11719.8802816901
11708.8591549296
12516.2605633803
12010.426056338
12026.3626760563
12308.3908450704
12216.6866197183
11712.1443661972
11981.0633802817
13206.6126760563
11771.7570422535
12566.0316901408
12290.3485915493
12170.6408450704
12992.3169014085
11870.9577464789
12100.3485915493
12239.8098591549
12185.7957746479
13176.9753521127
11732.5985915493
11930.8063380282
11551.2816901408
11898.0598591549
12217.7112676056
12333.6654929577
11776.014084507
11726.3309859155
12670.7676056338
12539.926056338
12498.8450704225
12058.6549295775
12314.6197183099
11787.3204225352
12414.3169014085
12519.0422535211
11566.3873239437
12287.5035211268
12808.9894366197
11917.2042253521
12462.161971831
12621.9401408451
12344.2218309859
12379.6373239437
11675.7429577465
12328.2781690141
12089.4014084507
11915.3626760563
12584.8838028169
12385.8626760563
11635.0563380282
12111.2676056338
12113.1056338028
12755.1866197183
12535.0457746479
12250.2746478873
11989.2992957746
12519.8485915493
12670.8626760563
12988.3415492958
11905.4647887324
12225.073943662
12406.2676056338
12525.6232394366
13015.0281690141
12567.6690140845
11315.6091549296
12080.9542253521
12289.323943662
13217.0845070423
11610.7429577465
12856.9612676056
11871.7852112676
11134.1514084507
12551.2746478873
11536.9154929577
11833.1936619718
11648.6443661972
11889.6267605634
11826.9084507042
12620.2253521127
12163.5669014085
12028.8169014085
12273.4718309859
12264.161971831
11152.9683098592
12219.8204225352
12630.7922535211
11920.7746478873
12017.9225352113
12508.8169014085
13013.5211267606
12004.6936619718
12123.0422535211
12258.2394366197
11925.8098591549
11064.014084507
11742.5246478873
12137.4330985915
11985.7429577465
12325.5809859155
11826.0774647887
12034.2711267606
12680.7816901408
13226.5246478873
12025.5281690141
12597.8978873239
11402.7605633803
12002.2464788732
12415.1197183099
12672.7464788732
12293.7042253521
11895.735915493
12032.3732394366
13416.7816901408
12125.485915493
11697.0492957746
10867.4049295775
12411.1549295775
11908.0915492958
11826.1338028169
12367.5492957746
11834.4612676056
13114.6161971831
12888.7429577465
11557.1549295775
11974.9471830986
12524.8802816901
11584.4401408451
12546.8767605634
11550.5
11837.2711267606
12818.1056338028
12554.8345070423
12028.088028169
11383.1161971831
11661.8450704225
12054.1056338028
12163.7535211268
11914.2042253521
12723.0845070423
11705.514084507
12783.5528169014
13153.1338028169
12402.0492957746
11851.1866197183
11551.7112676056
12826.1514084507
12152.088028169
12783.5070422535
11435.5492957746
11724.2570422535
12322.2429577465
12919.7253521127
11632.7887323944
11850.161971831
11610.1478873239
12076.7183098592
12438.7816901408
12050.0457746479
11389.6936619718
12093.9366197183
11721.2605633803
12148.926056338
11909.6161971831
11625.7042253521
12414.5845070423
11750.7676056338
11690.073943662
11617.1056338028
12650.0246478873
11359.8098591549
12318.485915493
12450.1267605634
13157.9753521127
12207.1549295775
12236.7535211268
11851.0704225352
10806.1478873239
12241.4647887324
11684.6690140845
12069.0598591549
12420.4542253521
11666.7992957746
11841.926056338
12251.5704225352
12310.3661971831
12588.6302816901
11312.0915492958
12329.2992957746
12928.573943662
12282.7147887324
13195.9436619718
13148.0281690141
12140.3978873239
12493.6654929577
12105.2605633803
13107.6830985915
11242.1725352113
13077.1091549296
10354.7816901408
12372.0915492958
12429.1549295775
12441.5528169014
12233.6338028169
12171.7711267606
11490.5352112676
12536.5492957746
12655.2887323944
12693.5422535211
12160.9295774648
12151.7042253521
12361.073943662
12281.5457746479
12642.9436619718
12259.0316901408
12402.7218309859
12224.8063380282
12575.2112676056
11973.9154929577
12274.0352112676
11860.6373239437
11818.5457746479
10698.3732394366
11682.6936619718
11532.8908450704
13263.3415492958
12442.411971831
12503.1021126761
12121.7922535211
12864.9612676056
13092.5598591549
12888.3521126761
11556.3767605634
11845.4401408451
12120.3098591549
11614.0035211268
11653.8028169014
12778.5598591549
13066.1514084507
11786.6725352113
12541.2394366197
11635.1478873239
12085.7922535211
12214.1725352113
12381.8697183099
11540.264084507
13374.426056338
12059.2112676056
12479
11900.7253521127
12467.0809859155
12383.9190140845
11906.7957746479
12571.8978873239
11623.1971830986
11453.3908450704
12403.5563380282
12297.3415492958
12849.9436619718
12592.5950704225
12261.4929577465
11961.7464788732
12506.0598591549
12122.088028169
12035.8873239437
12602.1056338028
11579.3873239437
11558.0070422535
11745.4295774648
12457.5704225352
11842.2429577465
12741.2218309859
13212.6795774648
12310.3873239437
12506.8345070423
11925.75
12026.8309859155
12184.8133802817
13126.8028169014
12470.5985915493
11202.6901408451
11916.1091549296
12684.7746478873
12550.4436619718
10400.1690140845
12084.5281690141
12002.0281690141
11619.426056338
12263.698943662
12393.0809859155
12783.9154929577
12758.2147887324
11997.8873239437
12379.3133802817
11981.8591549296
12901.088028169
11546.75
11983.3978873239
12910.3591549296
12678.5352112676
10855.4788732394
12670.8309859155
13261.2992957746
12392.5246478873
11901.0528169014
11598.1338028169
12065.0352112676
12071.8732394366
12565.8485915493
12278.5035211268
11689.0563380282
11748.338028169
12555.0704225352
12786.3767605634
11980.5774647887
12188.4542253521
12593.6302816901
11443.7711267606
11807.9014084507
11875.9154929577
11820.3345070423
12351.7605633803
12896.2042253521
11508.5845070423
12401.735915493
12534.8133802817
12281.9507042254
12870.2676056338
12502.926056338
12120.2781690141
12307.5211267606
12114.1830985915
11467.911971831
12647.4436619718
11740.1830985915
12635.6866197183
11876.4894366197
12590.0704225352
12295.088028169
12943.6478873239
11976.6725352113
11908.4507042254
11967.9929577465
12530.9964788732
12450.4753521127
11755.9436619718
11875.7816901408
12373.7922535211
11664.1408450704
11934.2183098592
11143.4401408451
11840.6408450704
12288.5809859155
11740.7183098592
12277.1056338028
12379.9014084507
12152.4542253521
10553.4753521127
12144.9507042254
12075.5035211268
12213.323943662
11817.176056338
12622.2852112676
13005.1795774648
11259.2429577465
12285.8063380282
11813.7605633803
11764.6267605634
11874.6584507042
12709.25
12486.1936619718
12520.5457746479
12323.323943662
12553.7922535211
12830
12182.4366197183
12648.4190140845
12326.9049295775
12530.8063380282
12283.0316901408
11842.9014084507
11056.7429577465
12632.4154929577
13154.4049295775
12376.3169014085
11933.7183098592
11474.9577464789
13146.5035211268
11976.6795774648
12282.3415492958
12283.2218309859
11759.7112676056
12540.3133802817
13121.323943662
12751.9753521127
12059.7746478873
12710.8802816901
11420.6302816901
12475.3169014085
12955.9049295775
12360.3309859155
13059.1478873239
12766.0809859155
12280.4964788732
11848.4788732394
12200.3415492958
12798.4507042254
12124.588028169
11156.9049295775
11761.7887323944
11850.6725352113
12626.2746478873
12324.073943662
11560.7253521127
12554.3345070423
12019.1971830986
12900.0422535211
11469.2887323944
11865.014084507
11288.2323943662
12460.2605633803
11714.2676056338
12016.0211267606
12286.3450704225
11973.985915493
11720.1161971831
11980.1091549296
12221.823943662
11956.7007042254
13191.3661971831
12425.9436619718
11963.6408450704
11852.3767605634
12293.3063380282
12604.3063380282
12831.6091549296
12451.7852112676
11275.4190140845
12314.8521126761
12263.9014084507
10407.7218309859
13215.3345070423
12319.4612676056
12355.8098591549
12655.0457746479
11913.3873239437
13063.161971831
11805.0281690141
11842.1654929577
12884.3274647887
12189.573943662
11850.426056338
11779.4471830986
11851.161971831
12077.0211267606
12176.5915492958
12180.3978873239
12424.9964788732
12402.6584507042
12180.0035211268
12164.2676056338
12822.9225352113
12853.7007042254
12000.1021126761
12431.3028169014
12815.9330985915
11744.5598591549
11999.5633802817
12586.8028169014
12084.3943661972
12258.7183098592
11789.9577464789
11583.8661971831
12474.2007042254
12467.1971830986
12241.0845070423
12761.0528169014
11821.8697183099
11838.4471830986
13008.1091549296
11880.2464788732
12116.2992957746
13266.1232394366
11781.8661971831
11998.088028169
11574.9507042254
12108.2605633803
11191.4366197183
13116.0176056338
12221.4577464789
