"x"
11452.6584507042
6937.13485915493
8712.18556338028
8218.24436619718
10365.4049295775
10102.0573943662
9919.07781690141
7810.68697183099
8193.25563380282
6903.725
7784.98450704225
5775.19471830986
9037.69542253521
9845.04471830986
8946.62464788732
8903.87183098592
7307.80246478873
6877.63591549296
8201.7573943662
8707.03978873239
8897.05211267606
7544.41267605634
8735.26514084507
9423.15985915493
7354.74823943662
8551.93978873239
8023.92147887324
7701.06091549296
13584.3274647887
9660.98415492958
8747.52570422535
10456.7922535211
8579.70669014085
9386.70704225352
10427.1549295775
6682.16936619718
10165.25
8451.66830985915
6055.35316901408
6067.81443661972
9239.87605633803
5141.48450704225
4626.02323943662
9832.3764084507
8398.60176056338
11862.5352112676
9204.84647887324
9655.50985915493
7037.73450704225
12413.7711267606
8351.1985915493
8116.83204225352
7640.55492957746
4639.15422535211
8760.58661971831
6438.92147887324
10791.5704225352
7665.86795774648
10191.0242957746
4036.98732394366
10916.2077464789
6949.39753521127
9930.09647887324
6547.50422535211
8842.32077464789
10275.7542253521
6757.00633802817
8577.25457746479
9300.79647887324
7490.65035211268
8869.26302816901
8051.12816901408
8343.53591549296
7276.44577464789
5856.39542253521
10912.3485915493
7949.29154929577
11435.7746478873
9201.09964788732
9404.85352112676
10921.0105633803
7919.7764084507
5401.88802816901
10139.6295774648
7750.49964788732
9857.31267605634
7774.26514084507
8548.64507042254
7108.91197183099
7254.23838028169
9033.76373239437
5919.56971830986
8901.07957746479
8893.58309859155
7429.58345070423
9087.96443661972
8264.55809859155
7207.34507042254
8357.75915492958
6487.45457746479
4597.11830985915
10562.8345070423
11312.8098591549
8301.8161971831
9883.21654929577
8909.62323943662
9649.76126760563
9442.34964788732
10710.411971831
11469.7887323944
10059.7186619718
8000.11161971831
8687.71584507042
6120.42922535211
10693.7676056338
9660.98169014084
9653.93169014085
9222.00387323944
9752.62112676056
9124.15176056338
12111.1584507042
6802.05457746479
8578.79154929577
4851.62711267606
8136.17394366197
8161.49225352113
8566.99154929578
9238.45211267606
7054.59929577465
7101.46408450704
9093.08133802817
8611.16936619718
4828.94823943662
8898.6573943662
7830.61549295775
9225.98908450704
10587.7911971831
8227.11161971831
13133.3098591549
9650.04647887324
8573.52042253521
8929.2264084507
10840.1373239437
5885.37676056338
10236.5348591549
9260.60809859155
6153.4911971831
7918.88098591549
7048.95
7131.9426056338
9041.71056338028
9795.52042253521
10494.5387323944
8651.12218309859
6772.9161971831
7436.20845070423
5714.5911971831
7562.25246478873
10481.9647887324
7101.00422535211
10399.6218309859
9333.13838028169
7897.84295774648
10721.7887323944
11903.9014084507
12707.1302816901
9861.21514084507
7384.77570422535
7054.07992957747
10433.5246478873
8785.08204225352
7228.05492957746
7341.47429577465
7193.25704225352
10440.8852112676
6537.51197183099
8280.17112676056
11386.2535211268
7149.8838028169
5686.88274647887
9711.08345070423
11655.1338028169
12600.9823943662
4841.06126760563
8538.24577464789
6637.51443661972
8952.61373239437
4915.5014084507
8305.32570422535
10762.9436619718
7471.21056338028
6334.21725352113
9530.5823943662
7970.32218309859
6998.46267605634
7978.54823943662
11666.7781690141
7590.2323943662
6483.18626760563
8624.85704225352
7918.09084507042
10684.3098591549
10089.2302816901
11485.6302816901
10056.3718309859
8717.26514084507
10397.4647887324
8528.32323943662
8735.97711267606
13153.3098591549
5977.35176056338
8945.5426056338
4256.89401408451
9485.76830985916
10528.5915492958
11727.2922535211
9826.47288732394
8943.13169014084
8809.61302816901
10826.5
8420.50035211268
4757.71408450704
8104.4235915493
9345.19295774648
7336.40457746479
7816.58204225352
10056.7982394366
10294.75
7972.17992957746
8508.74577464789
8466.14295774648
9369.60845070423
10239.4190140845
8818.88802816901
7834.10704225352
7309.44225352113
11326.485915493
6472.03873239437
7823.46690140845
7349.88767605634
8582.18169014085
8547.42852112676
5509.54014084507
7208.13450704225
7244.7073943662
12698.5176056338
8316.79225352113
8114.65598591549
14657.7992957746
8368.69049295775
8348.52007042254
8984.16267605634
7606.53098591549
9647.34295774648
11194.8415492958
9926.40809859155
8818.78873239437
12888.0316901408
6849.71232394366
5683.92288732394
8901.51091549296
11404.6725352113
8784.19542253521
6747.98978873239
6073.68661971831
8172.18204225352
7111.94190140845
9246.88063380282
8440.31373239437
9866.59401408451
8246.07288732394
6252.43133802817
9726.10845070423
8376.68802816901
6576.00281690141
11228.1584507042
7535.10176056338
5685.99049295775
9462.15528169014
6156.49577464789
9665.23943661972
7608.1926056338
5156.39084507042
8168.94295774648
9766.32922535211
8770.33626760563
10154.4123239437
10083.6056338028
7714.97605633803
7954.45070422535
8082.86267605634
9394.875
11263.0281690141
10673.8521126761
11771.0387323944
8298.57957746479
7743.44436619718
7075.23767605634
10746.5457746479
11206.5492957746
8644.18697183099
9365.13767605634
7305.99718309859
7560.9573943662
11193.7852112676
9443.04894366197
6527.18450704225
3939.14753521127
8721.1573943662
8487.84823943662
8168.88204225352
5275.13697183099
7243.29753521127
10100.5573943662
7355.03274647887
6155.45387323944
8177.88978873239
5386.91021126761
9842.82746478873
7407.33626760563
8778.4323943662
7772.36725352113
10836.6126760563
9881.83415492958
9176.75598591549
5537.85422535211
8114.13028169014
10682.9542253521
11110.8204225352
8315.99718309859
12774.7676056338
11122.2992957746
6897.08415492958
4261.71302816901
9438.49894366197
10115.0443661972
9115.1661971831
7704.25563380282
9790.99507042254
10146.9714788732
6980.04894366197
7666.57887323944
6941.9088028169
8795.73309859155
7062.18274647887
8270.18415492958
12332.5246478873
9466.56161971831
7895.68415492958
7821.86408450704
8381.77323943662
11693.5
6806.93309859155
8307.37183098592
8171.95352112676
7836.59295774648
6887.01690140845
8898.16338028169
13162.7394366197
8017.66549295775
6780.95035211268
5006.48908450704
11120.676056338
9387.79542253521
8623.6735915493
11519.1514084507
7661.71373239437
13965.1936619718
7745
10459.25
9329.13626760563
10263.4084507042
4811.57535211268
7032.68661971831
8812.75528169014
7068.47429577465
6118.34084507042
11576.5176056338
8194.85528169014
6573.89436619718
10255.338028169
9964.51795774648
9889.37992957746
4860.52323943662
4608.03345070423
9162.08661971831
10460.7676056338
8062.38450704225
4997.24366197183
8778.97288732394
10374.9542253521
9539.93133802817
7960.57992957747
8734.8911971831
7929.80704225352
8876.13626760563
8627.03098591549
6727.6588028169
5616.06478873239
8265.38802816901
8519.39718309859
8885.92605633803
8857.5161971831
8677.67112676056
7600.38028169014
6760.86549295775
8743.98697183099
13953.3309859155
10098.1028169014
9948.54084507042
12233.4753521127
9326.26091549296
6117.52042253521
9608.65211267606
8084.58838028169
9271.47288732394
10241.9084507042
8355.82112676056
6107.67077464789
7773.29964788732
6492.38943661972
10738.4788732394
4819.25457746479
14548.676056338
10134.6672535211
10775.4225352113
8804.17183098592
9121.43063380282
11007.2394366197
9872.12535211268
9461.7014084507
11296.0352112676
7257.10528169014
9398.82112676056
7035.68415492958
9962.56971830986
8076.62570422535
10344.526056338
7220.59471830986
12080.6161971831
7857.26654929577
7741.57816901408
5755.74014084507
8539.65246478873
7732.93204225352
7439.41971830986
6541.01197183099
8116.2264084507
11888.3521126761
7528.05669014084
12940.7887323944
5740.99964788732
6765.43450704225
8334.62464788732
9768.54718309859
6565.15809859155
8120.76514084507
11199.0915492958
8851.57429577465
7073.84049295775
10498.0316901408
8191.77218309859
9867.63943661972
7905.11197183099
7805.03345070423
6976.87464788732
11836.6408450704
8473.94225352113
8737.75950704225
6309.09718309859
7058.28591549296
8255.69436619718
8896.85070422535
6857.38908450704
6229.2088028169
9496.69436619718
8039.13767605634
8474.01091549296
9395.51936619718
8064.91021126761
8737.27288732394
6520.22394366197
8667.73028169014
8681.54929577465
10017.1292253521
12190.5978873239
9055.53873239437
11119.0633802817
10825.5352112676
10840.2323943662
9096.0485915493
8724.13098591549
10820.5528169014
8586.11443661972
8333.56478873239
8427.72535211268
9078.00598591549
9343.35774647887
11374.2957746479
6308.67852112676
6557.80915492958
10689.7570422535
10272.9338028169
6503.65809859155
9811.60845070423
7818.95211267606
6935.51795774648
8459.01866197183
9557.94683098591
8619.88028169014
9224.95387323944
7113.52887323944
11886.1338028169
5103.72852112676
10410.8204225352
8544.76408450704
9550.61866197183
11171.9154929577
6416.57922535211
10289.6887323944
8488.91126760563
7461.30563380282
10938.426056338
8830.87253521127
9893.16830985915
5952.39084507042
9525.89225352113
8192.49295774648
7834.51021126761
9038.68169014085
6647.14683098592
10061.1070422535
7987.46161971831
6637.93697183099
10626.1901408451
12546.6408450704
12545.0985915493
8366.46971830986
9315.84295774648
9210.03415492958
6715.70035211268
9379.24929577465
10442.6355633803
10809.5457746479
11516.1126760563
7096.90281690141
10266.8144366197
7560.75105633803
11694.4577464789
9160.90457746479
9369.12781690141
9110.67253521127
7772.04014084507
10581.5246478873
15075.0985915493
6712.33978873239
8343.24014084507
8707.48838028169
10024.9626760563
6822.14190140845
8900.40422535211
7141.25281690141
11462.25
8261.53169014085
7520.89964788732
6275.85246478873
8699.69647887324
8185.98943661972
10161.4714788732
8404.07394366197
10158.8169014085
7321.11161971831
8167.36795774648
7117.86197183099
8607.57957746479
6977.3485915493
5129.65316901408
8920.18556338028
10961.2746478873
10863.4788732394
8327.31373239437
9070.30669014085
13652.8485915493
8270.04436619718
9004.86232394366
5981.4823943662
8360.20985915493
6851.57042253521
7311.97323943662
10981.8908450704
11098.0950704225
9999.23732394366
10544.7570422535
8118.37676056338
9889.47394366197
10281.264084507
4932.22676056338
8726.70492957747
10051.6492957746
9472.6838028169
7198.83450704225
10840.6549295775
10511.5211267606
7668.14295774648
5185.57147887324
7833.53309859155
5843.6985915493
9507.97676056338
6474.61056338028
7923.57887323944
7140.89366197183
13379.9401408451
8439.47746478873
7139.51267605634
8628.43028169014
10123.3475352113
11309.0528169014
7365.17746478873
6485.39823943662
11020.0246478873
8371.78697183099
11804.7711267606
8714.34366197183
9247.78767605634
9785.52429577465
8539.15950704225
9307.29788732394
8280.66478873239
8176.40915492958
10113.5637323944
11338.9964788732
8988.5735915493
4699.99577464789
8053.87112676056
9667.65246478873
7484.71584507042
7270.76161971831
9945.79542253521
13369.3345070423
7183.89964788732
9928.40774647887
7766.87394366197
6136.04366197183
7290.74366197183
5289.77253521127
8158.75281690141
9499.82183098591
7888.36267605634
8339.76443661972
9415.26267605634
5565.14647887324
11715.7429577465
7281.70422535211
7147.28978873239
5957.36971830986
5331.7985915493
5747.18169014084
9934.91901408451
5317.57711267606
9592.79823943662
11033.5105633803
9539.05422535211
7569.67746478873
5625.80598591549
5698.85176056338
7798.40704225352
5272.7588028169
6088.78063380282
6548.54542253521
8504.27394366197
10348.2887323944
6487.56830985916
8372.62535211268
7608.53802816901
8342.11267605634
7658.77464788732
9460.11549295775
7430.62922535211
10101.1683098592
7191.39401408451
8151.43521126761
6617.70422535211
8468.08626760563
9320.25985915493
7061.7573943662
9320.71549295775
7338.07676056338
10929.5387323944
8803.77323943662
5262.69683098592
7789.31267605634
9295.2573943662
7788.37077464789
9725.14049295775
11416.0598591549
7452.36126760563
14050.8591549296
5896.42218309859
7332.95809859155
10360.6197183099
7353.62007042253
9535.89436619718
10171.1855633803
10175.9436619718
11609.8908450704
8752.08450704225
11653
11374.9190140845
4121.31478873239
9745.2911971831
7961.64401408451
5836.52253521127
6218.09190140845
8466.18661971831
9926.75387323944
10963.5387323944
6401.68204225352
6462.58591549296
10889.1549295775
10224.7964788732
7996.72781690141
6484.16373239437
11836.4753521127
9973.34084507042
7707.53309859155
11227.235915493
10036.9802816901
11714.7746478873
12872.8943661972
7332.225
10008.4919014084
7225.97852112676
9907.74788732394
9393.87147887324
10818.3098591549
7772.02887323944
6209.42816901408
10669.3978873239
7969.83943661972
9455.80985915493
8907.12429577465
5774.08274647887
7156.5411971831
11396.7570422535
8491.41197183099
11697.9683098592
11002.4788732394
11449.5845070423
11931.4330985915
6214.61126760563
8023.27781690141
10939.6866197183
6829.57992957747
11157.323943662
7833.96478873239
6170.3661971831
9258.41056338028
9627.05774647887
9693.85774647887
3932.99647887324
6158.37464788732
9639.26514084507
10408.0088028169
8886.025
11077.3978873239
11392.1514084507
7212.6514084507
11804.161971831
8220.27957746479
10661.9683098592
7681.45316901408
8699.54366197183
8089.26690140845
6440.1823943662
9082.14929577465
8293.83204225352
5914.74683098592
8333.04154929577
9653.6235915493
8941.09612676056
11994.9612676056
6241.62077464789
6703.83309859155
10360.4179577465
8025.55633802817
9614.90246478873
9589.51725352113
7837.27922535211
11388.8345070423
5709.24014084507
7299.98732394366
8204.07605633803
8944.47007042254
10830.7447183099
8289.10915492958
7193.68485915493
6488.04084507042
9568.43591549296
7507.21549295775
7992.9426056338
9606.69894366197
10034.8764084507
11488.588028169
4599.74647887324
10410.7570422535
