"x"
9848.01478873239
10317.3415492958
11064.8943661972
9975.95985915493
10199.2253521127
10202.2721830986
10700.3802816901
8930.88802816901
10372.3838028169
11579.7394366197
11591.2042253521
9965.93028169014
11109.8028169014
8624.32218309859
8425.15316901408
9489.86197183099
9332.72042253521
7507.71267605634
9267.80669014085
9138.72887323944
11429.5070422535
12594.176056338
9411.87746478873
10489.8450704225
8871.71654929577
8846.03697183099
10901.911971831
9906.43626760563
8792.35950704225
10221.6742957746
9486.95633802817
10536.4014084507
11280.0105633803
12052.9014084507
11495.8802816901
11200.073943662
10269.1866197183
9389.68345070423
9788.87746478873
11081.9542253521
11463.0316901408
8872.32007042253
8711.34683098592
9346.55985915493
10844.0915492958
11961.4823943662
9385.43098591549
10247.0598591549
10544.7676056338
11050.2183098592
8823.94718309859
10383.8274647887
8639.43838028169
10046.9464788732
12344.1690140845
9759.17887323944
9936.2573943662
9803.24190140845
10453.2961267606
10865.0915492958
10649.5563380282
9898.05809859155
11390.0035211268
10227.776056338
9519.60176056338
8972.63028169014
5925.62711267606
10668.3169014085
11616.735915493
9885.89084507042
10372.9718309859
10384.4852112676
8985.35246478873
11557.0704225352
11697.8873239437
10494.6161971831
12131.1021126761
9256.1676056338
9847.23485915493
9648.66725352113
12051.9894366197
9453.75845070422
10694.1936619718
8729.10985915493
10344.3697183099
10219.3521126761
10170.2658450704
10516.4718309859
8309.17676056338
10419.8485915493
9628.43943661972
11232.5422535211
9818.03309859155
9208.18591549296
10754.4507042254
11359.9366197183
11666.2183098592
9515.76654929577
10923.2288732394
10675.2852112676
9674.63873239437
9926.05563380282
10007.2894366197
12364.9471830986
8757.25809859155
10838.1830985915
10756.2112676056
9932.2397887324
10840.1478873239
12021.0598591549
11848.411971831
12012.9647887324
11059.0387323944
10133.1503521127
8409.1764084507
9877.11267605634
12249.5669014085
9516.05528169014
10893.0457746479
10710.9084507042
11722.5457746479
9795.56549295775
10184.1535211268
10524.6091549296
8965.91021126761
10726.3873239437
10002.8929577465
10927.4788732394
10460.1795774648
9721.27711267606
11508.9929577465
10602.4718309859
10387.6338028169
10194.0211267606
11845.8133802817
9953.58028169014
10253.838028169
11471.4154929577
11194.4612676056
11628.3450704225
9092.39084507042
10435.2676056338
10225.339084507
9068.55422535211
10689.1971830986
9817.79084507042
9572.50598591549
10919.0492957746
10137.2137323944
9810.24049295775
10949.9647887324
8089.8588028169
11947.1267605634
10437.0809859155
9199.52957746479
11348.0845070423
12251.5352112676
10029.2063380282
12394.7887323944
11587.9964788732
10442.0855633803
11471.0528169014
9783.07147887324
10481.0221830986
11791.8485915493
10741.9718309859
9138.07781690141
10422.8697183099
10862.0528169014
11444.4471830986
10728.2816901408
11329.5176056338
10995.9014084507
9534.82253521127
12166.5352112676
10640.0035211268
9358.83274647887
9991.43978873239
7976.71830985915
11704.4366197183
11762.5246478873
10119.6496478873
9552.23697183099
10591.0035211268
10497.3133802817
9841.89190140845
12591.1338028169
9423.07429577465
10096.9651408451
9872.72957746479
10904.8098591549
10365.1232394366
9979.50669014084
9202.87676056338
10180.8309859155
10887.1373239437
12209.0176056338
10404.5246478873
12154.2077464789
10281.6267605634
12499.3732394366
11226.5774647887
10584.3521126761
9431.18943661972
12683.6936619718
11883.4894366197
10782.4718309859
10458.3028169014
12236.8133802817
12085.7464788732
11281.3169014085
7664.10246478873
9492.74049295775
10487.0669014085
10576.3028169014
11188.3098591549
12480.0176056338
9827.11091549296
11645.7746478873
10678.3345070423
9247.25
9484.6588028169
10014.6992957746
9605.46443661972
9602.29049295775
11504.7992957746
10344.2535211268
10049.9922535211
11420.6056338028
9333.35105633803
11532.7077464789
10511.2535211268
11373.8345070423
9461.54190140845
9849.74542253521
8222.68204225352
11710.514084507
10650.6197183099
11309.0669014085
9443.81514084507
12398.926056338
11419.676056338
11706.7007042254
10452.3204225352
10691.1408450704
10495.0563380282
11307.5985915493
10282.1971830986
15279.3450704225
8453.71795774648
9522.2235915493
10480.5246478873
10567.1373239437
11536.1725352113
14082.9154929577
8685.61232394366
10828.5316901408
7801.60563380282
10813.4612676056
9100.60176056338
10217.9612676056
9321.45035211268
10749.7887323944
10707.8098591549
9691.05985915493
9106.83204225352
10784.2781690141
10936.4154929577
9711.05035211268
9982.29823943662
10954.1690140845
9204.75246478873
8890.89401408451
9640.21126760563
10704.0422535211
9783.33697183099
10348.5352112676
13023.9295774648
11802.1056338028
9877.32957746479
10328.5633802817
9590.68133802817
9631.22605633803
11312.0528169014
9318.3823943662
11741.3943661972
12479.7570422535
6368.47605633803
10470.1654929577
8477.91232394366
10152.6887323944
10623.1267605634
12241.6901408451
8788.67183098592
11187.2007042254
10360.5352112676
11059.7957746479
9760.57042253521
9545.22042253521
10847.6056338028
9500.19964788732
11063.1091549296
12158.8345070423
11296.9718309859
11239.5352112676
10576.4753521127
8880.04014084507
10162.5940140845
11271.8767605634
9855.11725352113
9619.19507042253
10068.638028169
11984.4964788732
10295.4894366197
9728.47676056338
10245.3732394366
11574.9753521127
8756.77992957746
10568.3697183099
10930.7007042254
11701.7183098592
11226.2253521127
9826.91830985915
10485.4366197183
9295.8073943662
13249.9295774648
9348.2676056338
9014.9897887324
11480.1302816901
10835.6443661972
11020.911971831
10008.1830985915
9605.03661971831
11842.4542253521
9977.58556338028
9861.43028169014
9291.89436619718
9903.76443661972
11357.1901408451
8260.7426056338
9621.0676056338
9407.67957746479
10628.3873239437
8377.76478873239
10444.323943662
10320.911971831
11436.2147887324
9311.70176056338
10463.6126760563
10482.2288732394
10043.5031690141
9715.46901408451
9136.45704225352
9818.4
11854.1373239437
11048.4894366197
11052.926056338
11249.5563380282
11325.7183098592
9626.20352112676
10869.2816901408
13870.0105633803
9921.14471830986
11117.2077464789
10010.5813380282
10634.3943661972
8698.56866197183
10167.7193661972
11190.8415492958
11536.4894366197
11135.4823943662
11275.9612676056
8792.10528169014
9648.69225352113
9818.0014084507
10872.7183098592
8111.48661971831
6767.78521126761
10005.2598591549
8878.9014084507
9713.28802816901
8282.57887323944
11885.7992957746
10723.1725352113
10547.1690140845
10535.0070422535
11100.7042253521
10843.1302816901
10726.9190140845
10291.838028169
11123.5070422535
8937.83873239437
10381.2781690141
9201.84471830986
11078.2288732394
9036.85316901408
10008.0524647887
10844.0669014085
10895.9647887324
8997.03133802817
8683.29366197183
11340.5352112676
9101.72218309859
11548.7570422535
11824.9788732394
10825.3591549296
7748.43873239437
12877.0246478873
10935.1584507042
10068.1570422535
10339.9683098592
9973.99330985916
9467.29718309859
8856.90176056338
9561.16795774648
10275.1302816901
9397.34753521127
9136.39436619718
11973.0774647887
9803.4
10491.3485915493
9759.08098591549
9253.60316901408
10877.6690140845
10135.7711267606
10736.7112676056
9119.52570422535
10862.8943661972
13329.5985915493
10641.2112676056
9015.79225352113
11360.5669014085
9320.54612676056
10069.8172535211
8734.45246478873
10987.0492957746
10236.6302816901
11260.6478873239
10826.5035211268
12214.088028169
9071.45598591549
10612.9225352113
10194.2397887324
10370.7077464789
9936.35528169014
10319.6267605634
10644.485915493
10972.6302816901
9276.8573943662
9950.19577464789
7370.25070422535
10715.3700704225
8661.27676056338
10361.5387323944
10486.2232394366
11409.8415492958
11160.0492957746
11235.4788732394
11966.8450704225
10372.7394366197
10384.7429577465
8666.70316901408
8822.61795774648
10440.0035211268
9960.36021126761
9476.72746478873
11723.5845070423
8932.72288732394
11759.3450704225
10381.3450704225
9828.61443661972
11667.5774647887
10394.0316901408
10900.9084507042
7901.01795774648
13132.4683098592
9522.3985915493
9684.27253521127
11637.3943661972
10373.9788732394
11053.5985915493
9652.53098591549
10297.1901408451
10265.2464788732
10241.1866197183
9621.20774647887
11591.1408450704
11193.7042253521
10498.764084507
10521.8697183099
10209.2570422535
10300.8345070423
8594.83591549296
10769.6302816901
8850.97112676056
9422.46549295775
12066.1690140845
12474.2957746479
10131.5679577465
10186.775
9317.77147887324
11838.9718309859
11663.735915493
10864.838028169
12449.073943662
11470.2464788732
10904.264084507
11099.0633802817
9935.11830985916
10003.5450704225
11944.0528169014
12740.9753521127
9606.79471830986
11416.8204225352
9319.26338028169
12468.676056338
11521.485915493
11777.7781690141
9268.25457746479
10102.9830985915
11154.4330985915
9414.95070422535
9313.46126760563
11814.1302816901
10624.4823943662
11299.1161971831
12514.0352112676
10520.4366197183
10065.9017605634
11076.588028169
10837.838028169
10715.5704225352
11453.8063380282
12041.6478873239
12159.3169014085
10194.8450704225
10999.6056338028
10675.1373239437
8948.2264084507
9647.32288732394
11909.0176056338
10348.3978873239
9714.66302816901
10668.8838028169
10634.4330985915
11594.4330985915
10627.088028169
10248.0492957746
10188.8746478873
10864.0950704225
10388.0845070423
10308.2464788732
9983.97711267606
9851.42676056338
11326.8309859155
12058.4295774648
9277.56901408451
11646.3345070423
10608.4647887324
9746.44894366197
8256.24471830986
12193.5035211268
10636.0669014085
11942.0070422535
10742.1373239437
8980.97676056338
7770.95669014085
10594.323943662
12221.2147887324
9555.18204225352
8548.69366197183
12022.3626760563
10732.6267605634
9577.69049295775
9989.59964788732
9337.13908450704
11620.5105633803
10905.2323943662
10447.1021126761
9215.25176056338
10620.5563380282
10902.2711267606
10298.073943662
8680.32077464789
10905.4190140845
9969.36091549296
10593.7746478873
8683.46302816901
10520.1866197183
9984.67992957747
10410.7147887324
10481.014084507
10319.8802816901
9912.98697183099
11624.8450704225
9226.57042253521
11051.1725352113
11456.2887323944
10810.7394366197
9341.29753521127
10439.735915493
8307.72147887324
9776.27288732394
10745.6823943662
10716.8732394366
10550.9683098592
11056.3873239437
10025.2186619718
11553.7570422535
10650.0281690141
10820.5176056338
11204.7852112676
9875.99049295775
10574.2992957746
11061.1690140845
8525.47922535211
11834.5598591549
10029.4080985915
10907.3133802817
11266.9647887324
12139.073943662
11493.3204225352
10383.6232394366
11977.9330985915
10823.5704225352
10924.9647887324
10098.838028169
9196.75598591549
10195.4968309859
9744.09366197183
9568.91267605634
10806.6830985915
10300.8802816901
9720.41161971831
8730.75035211268
9509.18415492958
10517.9295774648
11617.5669014085
10748.4929577465
11735.4929577465
12379.7288732394
10514.0633802817
9732.38133802817
10182.5183098592
11778.4507042254
10931.0669014085
8003.75352112676
9443.5264084507
11350.661971831
10007.310915493
10988.3485915493
11358.2887323944
11758.9788732394
11357.7147887324
11620.7711267606
11711.1830985915
11867.1408450704
9833.64330985916
12290.5387323944
9937.02429577465
11562.1654929577
10507.8626760563
10231.8274647887
9416.9897887324
8828.93415492958
9104.25
8569.86725352113
9123.41866197183
8168.41408450704
11226.3098591549
10826.0598591549
9842.15563380282
9547.10774647887
10895.0316901408
8839.94014084507
9228.80070422535
8052.46443661972
11347.5774647887
10472.3802816901
8629.04964788732
9941.57922535211
10338.9612676056
9987.45985915493
10506.8309859155
10462.0176056338
9072.30915492958
11443.4084507042
11066.0669014085
11904.2218309859
11299.5035211268
8582.20845070423
12300.0528169014
9728.28309859155
12750.8204225352
8226.07992957747
9645.05809859155
9681.57464788732
11776.5492957746
10581.8063380282
13294.3274647887
10637.0563380282
10231.1936619718
12053.2323943662
13162.5422535211
9061.0676056338
10648.3626760563
8857.55598591549
12845.7077464789
11458.1971830986
11207.1725352113
9861.33063380282
11065.1725352113
9867.2485915493
10552.8063380282
10907.9612676056
12011.9753521127
11660.0774647887
11213.9718309859
9968.82253521127
9937.84929577465
11763.6830985915
7525.42535211268
9774.63591549296
10029.2517605634
11269.8697183099
10355.4225352113
12718.735915493
10879.5563380282
9313.8426056338
11620.5070422535
8231.83943661972
12651.8521126761
10014.5327464789
9489.45422535211
9651.38767605634
10718.3908450704
9444.57781690141
9660.31690140845
9932.24507042254
10955.5316901408
11220.7253521127
9605.1161971831
9864.69190140845
11162.0387323944
10495.4507042254
10627.8063380282
10010.4151408451
10190.5003521127
10659.3415492958
9391.54964788732
11100.9612676056
10815.9753521127
7750.88978873239
11012.4084507042
9083.57676056338
8936.04366197183
9600.11725352113
10643.0950704225
11298.9577464789
11293.7288732394
10530.3732394366
10858.3169014085
12584.573943662
8767.12746478873
11327.2218309859
10081.4123239437
10717.8838028169
9688.71056338028
12176.8028169014
10784.9788732394
10258.014084507
9820.56584507042
8706.33873239437
10475.5669014085
9297.16514084507
11033.3028169014
11901.7394366197
11265.1549295775
11150.5211267606
8474.14507042254
10065.1190140845
9952.78028169014
9876.33591549296
8885.90669014085
10253.8690140845
10056.963028169
11148.7746478873
11175.0316901408
12088.323943662
10667.1126760563
10167.7144366197
10281.2218309859
11075.7887323944
9596.9911971831
10974.3309859155
10026.3978873239
7530.1573943662
6535.48028169014
10055.8919014085
11994.7042253521
9992.97746478873
10265.2246478873
10859.6126760563
12978.7218309859
10839.6654929577
