"x"
10741.9753521127
8845.04084507042
9215.60633802817
7968.29753521127
8621.23204225352
8367.0411971831
10651.485915493
9793.35105633803
6806.21830985915
10326.689084507
6508.21408450704
10780.7852112676
7952.925
10581.6901408451
7505.14330985916
10229.1528169014
9548.94401408451
5947.74049295775
9089.30704225352
8678.27112676056
7860.86549295775
5649.08274647887
7873.93591549296
10368.161971831
6628.20915492958
9936.79084507042
6668.21549295775
5901.42288732394
11759.0669014085
10263.9806338028
9378.70598591549
11013.0528169014
9733.21795774648
6144.52957746479
10206.0183098592
6243.05633802817
9903.7
10224.7700704225
7810.92183098592
6518.28626760563
8495.62323943662
4964.58943661972
6241.23450704225
6755.91654929577
6224.7764084507
11059.5704225352
9087.25281690141
10236.6718309859
3799.03345070423
10722.6373239437
10503.2535211268
5280.50915492958
7819.34049295775
7065.28274647887
8931.2926056338
5960.48661971831
11828.014084507
5658.82957746479
9094.19330985915
4288.58591549296
11300.9366197183
3988.56373239437
9941.00774647887
9028.35563380282
7839.33838028169
10069.2978873239
8644.58521126761
6648.23908450704
9904.37042253521
6273.9323943662
7888.42992957746
5291.18802816901
9722.93591549296
8533.58274647887
5848.15387323944
10143.4292253521
8037.8426056338
10558.2288732394
9343.42781690141
6813.07605633803
9441.98556338028
6616.32288732394
4079.00246478873
11657.5704225352
7707.89401408451
10052.3788732394
10454.5183098592
8023.05422535211
7754.29718309859
6019.60563380282
10435.088028169
4196.44330985916
6217.36478873239
7756.74647887324
5499.50352112676
9792.06443661972
8406.36901408451
8559.03133802817
9298.80035211268
6108.85
7838.85528169014
7481.71936619718
7285.54471830986
6598.75352112676
9080.32852112676
8078.92535211268
9802.51091549296
11206.5563380282
8388.72816901408
8477.16654929577
7829.64225352113
8025.96091549296
5438.20563380282
5242.83591549296
10724.7746478873
10894.676056338
7394.77394366197
6899.39401408451
9306.62464788732
12408.323943662
11213.823943662
6043.61161971831
10505.8411971831
5267.1323943662
7672.55915492958
9570.33274647887
10934.014084507
8483.88169014084
8058.72112676056
8500.46725352113
10547.3274647887
10465.4507042254
2981.78521126761
9456.62394366197
5734.1764084507
9138.91232394366
13196.3978873239
9592.03415492958
12629.764084507
8104.80316901408
9924.69647887324
8793.61971830986
8720.54542253521
5758.39612676056
9422.51866197183
9825.07676056338
6473.83978873239
10496.1478873239
8441.06056338028
9427.48873239437
9136.23415492958
9344.86936619718
11620.735915493
7284.63661971831
9220.90422535211
8154.22394366197
8494.73556338028
6660.47676056338
10750.2535211268
8361.01866197183
9635.15563380282
5772.98309859155
8625.48450704225
10215.3936619718
11476.5457746479
14351.5950704225
6670.07007042254
9490.89542253521
7276.68204225352
10199.901056338
9253.88802816901
8157.2926056338
5224.62781690141
5565.77711267606
10586.8838028169
9394.35774647887
8684.25035211268
13074.3591549296
8078.03697183099
5052.43450704225
11669.7288732394
9633.55352112676
12517.4542253521
4494.66197183099
9228.31408450704
7633.43978873239
6544.87429577465
10065.4267605634
7887.30070422535
11920.9471830986
5870.98309859155
11805.338028169
8990.05316901409
7162.11901408451
4870.7264084507
5614.12605633803
10909.9894366197
8790.40528169014
3735.62253521127
7758.77852112676
11475.2852112676
10452.735915493
9757.76478873239
7910.11373239437
10462.1302816901
5469.48133802817
10660.8978873239
8843.75457746479
6076.71232394366
11444.5598591549
6239.70105633803
11995.6338028169
2946.41690140845
10077.7056338028
8504.06971830986
11568.735915493
11630.4788732394
11040.8591549296
9190.32394366197
10304.2718309859
8810.13661971831
6945.76514084507
9382.94894366197
10126.5038732394
10058.638028169
7141.01373239437
8773.87288732394
8863.17007042253
8487.16091549296
8268.41373239437
10674.8732394366
8146.24330985915
11970.6584507042
7187.77323943662
6049.6014084507
9440.45422535211
10889.1866197183
7625.86126760563
7242.96725352113
8875.3088028169
8686.93697183099
6225.90985915493
5776.36408450704
5750.07570422535
8024.78028169014
9452.85774647887
7689.82781690141
8440.52183098592
15255.4049295775
7978.14049295775
9657.77007042254
10143.3816901408
10244.0647887324
10202.6070422535
8250.74612676056
9207.31549295775
9560.89647887324
10388.0669014085
7359.48415492958
3841.175
9344.74753521127
12128.9401408451
7665.7764084507
6932.07992957747
7495.17816901408
7159.64507042254
9188.05457746479
10323.4084507042
9112.6485915493
11092.8415492958
9929.67535211268
4887.2338028169
9006.36725352113
8045.16267605634
5991.12183098592
12955.3978873239
7061.91971830986
6590.73873239437
9955.28028169014
5182.79471830986
9571.67394366197
8122.80246478873
5705.84436619718
8861.15
11841.1654929577
7344.5235915493
9686.64542253521
10371.8485915493
9605.06338028169
7727.95457746479
7418.32605633803
11637.2781690141
12491.6338028169
7412.31021126761
11029.926056338
10484.3978873239
10327.9017605634
5299.89577464789
11567.2605633803
12452.3767605634
10109.4253521127
10776.0211267606
9537.2411971831
8271.57992957747
11214.8521126761
10270.6049295775
5530.60492957746
8061.80211267606
6961.78063380282
11936.8732394366
6598.81725352113
4747.68309859155
8348.83415492958
7755.89894366197
11776.4436619718
6717.06338028169
4344.25387323944
6317.34471830986
6567.30211267606
8682.52816901408
8955.96443661972
7127.42183098592
9273.51091549296
7648.13943661972
11738.4436619718
5182.16795774648
7263.70598591549
10459.7922535211
10350.5598591549
8780.46408450704
11172.8204225352
10133.4901408451
6361.5485915493
4444.57887323944
8005.06549295775
10963.6232394366
10584.7147887324
5953.71514084507
8672.79366197183
11095.6654929577
7458.01549295775
4391.39295774648
7927.26408450704
9269.35
7399.56056338028
9514.05985915493
12079.7535211268
3964.60528169014
7239.7088028169
8240.17253521127
7321.63309859155
9451.93732394366
7165.9264084507
9421.53415492958
8201.44647887324
8943.9897887324
5866.85352112676
9426.53345070423
11864.0563380282
7481.96549295775
9707.90035211268
6032.63556338028
10739.6830985915
11329.9507042254
7835.82394366197
11686.5211267606
6334.65528169014
10687.7992957746
8026.00528169014
10146.738028169
7683.31936619718
9646.90809859155
4286.02711267606
8421.65070422535
11952.6654929577
9607.36795774648
7283.72288732394
8796.63697183099
6722.87535211268
4554.97147887324
10184.638028169
9575.9838028169
10596.2165492958
4636.15035211268
6749.73732394366
10637.8591549296
11155.6408450704
8364.25985915493
4859.75457746479
10200.4211267606
11505.7781690141
11150.8697183099
8984.20105633803
4200.1735915493
10205.8661971831
8260.90563380282
10149.9024647887
10480.764084507
6411.58802816901
11173.9190140845
9108.11161971831
7994.71795774648
8311.02922535211
10494.0352112676
7287.26302816901
8268.94964788732
13106.4049295775
8221.30316901409
7243.81161971831
10233.2464788732
8126.17323943662
7125.28978873239
7613.31126760563
9349.19295774648
11079.426056338
9475.5426056338
10171.0366197183
7747.82605633803
4213.20422535211
7712.67711267606
9474.80774647887
8302.61338028169
5641.96549295775
10770.75
6224.07147887324
10263.9676056338
8100.31901408451
7079.44330985916
10534.6584507042
11076.6161971831
10934.161971831
11113.4154929577
7431.06514084507
8499.94507042253
10340.0281690141
7358.35070422535
6343.14190140845
8533.71584507042
7476.05915492958
12603.8873239437
8736.04295774648
8363.32183098591
8014.71232394366
9070.94964788732
9479.42323943662
8399.84154929577
8552.49718309859
7062.59014084507
8596.92535211268
9328.925
12918.0774647887
7309.31971830986
6176.97288732394
8207.10985915493
10191.701056338
4187.075
8665.15281690141
10204.9193661972
8231.36232394366
8458.55669014085
12496.9049295775
6113.4514084507
8369.28274647887
5157.47922535211
6951.57147887324
9268.34683098592
11632.7922535211
8165.77816901408
8384.37535211268
7932.52464788732
8403.01232394366
5420.62746478873
7896.99014084507
8864.27816901408
7827.96232394366
14153.9014084507
9362.06302816901
10887.5176056338
9791.09718309859
7759.28978873239
7876.56549295775
6879.09295774648
8806.52852112676
6695.19823943662
8101.25387323944
14406.3450704225
11603.1971830986
12532.6021126761
11790.5774647887
9267.525
7298.01302816901
11420.7676056338
8879.45070422535
9655.70105633803
11714.426056338
9536.34683098592
9296.35176056338
10350.1112676056
10890.7007042254
7264.95669014085
5720.43169014084
10889.4436619718
10373.7334507042
5739.00316901408
5280.65915492958
7537.14788732394
7879.12605633803
5964.8264084507
9577.56197183099
10294.5295774648
10352.0563380282
10665.7464788732
13379.3169014085
4957.65985915493
9510.3411971831
9450.50316901408
7601.56161971831
12612.2394366197
9034.34366197183
10688.5774647887
9991.78309859155
7929.09929577465
13102.1936619718
7903.12605633803
9480.3073943662
9873.74542253521
10085.3771126761
11099.5021126761
9247.50845070422
10762.75
7190.12464788732
10703.4190140845
7822.16514084507
8379.53098591549
10667.3661971831
16740.5457746479
13237.573943662
9077.13169014084
9992.70211267606
9784.96795774648
9636.43274647887
11251.926056338
13246.4330985915
10512.7218309859
9861.32112676056
6553.11584507042
7466.62816901408
5635.9764084507
11729.573943662
7846.12464788732
10851.4788732394
10141.8228873239
6272.78626760563
10346.7183098592
14006.8309859155
7791.18908450704
9863.81584507042
9151.10598591549
10331.4559859155
8543.76514084507
10633.514084507
7006.73697183099
8573.74753521127
7715.96584507042
8259.68838028169
7548.69894366197
7248.50387323944
9564.23098591549
10270.4542253521
9213.49366197183
7964.30985915493
6790.63204225352
9980.79436619718
7895.62957746479
8406.27288732394
7507.75915492958
6716.95563380282
9668.61161971831
9802.64436619718
8892.65281690141
7766.43697183099
6771.10387323944
15191.3521126761
8988.8514084507
11034.9894366197
7982.0088028169
9625.24894366197
8124.42711267606
9575.14894366197
9020.26478873239
11205.1267605634
8642.78028169014
11569.176056338
5747.1764084507
10326.5035211268
5700.09014084507
7218.94718309859
5922.85176056338
10899.3873239437
12300.1830985915
9879.86373239437
11619.0387323944
7711.28556338028
7324.08732394366
7461.70563380282
7190.81478873239
7112.06056338028
10527.014084507
6903.21338028169
8753.69225352113
6759.60669014084
9327.0676056338
6258.06056338028
6293.60809859155
10499.6443661972
14199.9049295775
8785.78485915493
7887.37323943662
10825.9788732394
9291.32992957747
4392.5014084507
11678.7042253521
9051.72887323944
8695.51549295775
8697.18591549296
8296.43732394366
8396.04542253521
7710.88873239437
7421.69471830986
5653.02992957746
13060.8556338028
9427.58485915493
8390.8764084507
4976.39823943662
8458.0926056338
7339.97816901408
6045.33028169014
7975.62288732394
10000.2415492958
8188.98908450704
6310.34154929577
9515.61549295775
6313.49577464789
5613.21161971831
6380.39612676056
7196.58767605634
12245.3521126761
8233.60211267606
7537.58415492958
7922.77816901408
5880.36161971831
11608.7570422535
7287.91373239437
7671.58521126761
7864.01056338028
5733.46338028169
10101.2545774648
11337.3521126761
6548.49225352113
7846.62535211268
10886.7147887324
6526.8088028169
9314.97535211268
7116.15528169014
6688.87112676056
7785.51936619718
5448.14577464789
4948.25457746479
8282.9323943662
8414.4323943662
12145.3133802817
7544.88098591549
8847.91302816901
6142.7573943662
8637.87007042254
8832.80070422535
7375.71443661972
10089.2651408451
10039.5996478873
8070.27253521127
9789.67007042253
7962.43274647887
8457.81408450704
10076.0355633803
6442.71302816901
11416.8028169014
9012.89964788732
12201.0281690141
8179.53028169014
6968.26021126761
9438.09718309859
7507.48485915493
9710.9411971831
11328.7605633803
10232.1292253521
8745.05950704225
16516.0492957746
7364.62112676056
7951.96197183099
10248.9003521127
9375.46021126761
10279.75
10441.8028169014
8146.58274647887
11145.9929577465
10335.485915493
12188.0774647887
8359.09718309859
6209.06373239437
7548.45316901408
10668.2323943662
8832.23274647887
7221.7823943662
6955.11021126761
9183.26302816901
12392.7429577465
6896.54471830986
9517.04049295775
10618.985915493
9800.8985915493
7635.31690140845
8820.49049295775
8719.72746478873
15419.514084507
8366.37112676056
8030.76514084507
8258.48802816901
11645.3309859155
11444.9295774648
4888.20774647887
8476.9985915493
7050.41021126761
9047.86866197183
9001.83521126761
10424.9190140845
6547.43838028169
5947.32781690141
9996.88978873239
9763.82147887324
10306.7693661972
8714.42992957747
6617.25669014085
8153.28591549296
10160.364084507
6119.65387323944
12101.2887323944
11242.9330985915
10152.4862676056
11548.9788732394
5132.8323943662
10826.2218309859
4013.42535211268
5788.0073943662
11741.911971831
8713.32535211268
7544.71408450704
7324.36795774648
6448.12957746479
10359.9683098592
11036.0563380282
8552.66338028169
11018.1161971831
9884.29436619718
8814.63873239437
6802.10422535211
10461.3112676056
8078.27429577465
12358.3943661972
11562.2218309859
11250.4084507042
7523.63133802817
10107.7718309859
11601.9894366197
7711.27781690141
8648.44647887324
10175.0964788732
3898.82605633803
7580.57570422535
10796.1478873239
7649.48661971831
10385.323943662
6721.49049295775
8794.8838028169
12354.8098591549
3666.62922535211
7998.66866197183
9364.99894366197
6097.22570422535
12599.8450704225
7436.43978873239
4131.91478873239
6081.58345070423
8468.28274647887
11786.3802816901
8190.14154929577
6198.63697183099
7639.50915492958
11121.9542253521
11055.9436619718
7067.55105633803
11702.088028169
8667.61514084507
6665.04507042253
3843.89823943662
11140.2922535211
