"x"
10280.2218309859
10921.1443661972
12019.411971831
10737.3309859155
10856.8485915493
10743.7570422535
12455.838028169
11296.2957746479
11189.4788732394
10895.5985915493
9901.46338028169
10537.1549295775
12202.3415492958
10881.4330985915
9894.75950704225
11241.8978873239
12728.5809859155
12159.176056338
11143.7992957746
10449.3732394366
10401.7816901408
11893.8028169014
13977.0492957746
11258.5105633803
13340.8802816901
12069.2746478873
10813.3838028169
11671.1091549296
11666.6901408451
11394.8697183099
11640.764084507
11288.2218309859
11211.6267605634
10493.4295774648
10723.9894366197
11679.088028169
10581.2218309859
12184.8802816901
10305.8802816901
11349.1725352113
10158.8873239437
12340.5211267606
11150.2570422535
10901.5387323944
11514.926056338
11159.2464788732
10905.5563380282
11464.7852112676
10931.9753521127
11312.1866197183
11980.75
11059.6091549296
11056.3947183099
10080.3362676056
10750.6408450704
10825.3556338028
11077.9753521127
10767.2957746479
13451.4295774648
10195.5563380282
10911.7816901408
10536.7852112676
12626.8169014085
11264.1338028169
12603.0035211268
12230.9577464789
13529.9788732394
10020.3024647887
13940.4788732394
13194.1725352113
14123.8415492958
12038.7922535211
12082.926056338
12214.0915492958
9510.91197183099
12444.6936619718
10818.2429577465
11807.8450704225
11991.2394366197
11087.0704225352
11763.4471830986
12003.5387323944
10508.7253521127
11187.9929577465
11086.5422535211
11133.3274647887
10062.9383802817
11982.3485915493
12798.3204225352
10693.6373239437
13126.9823943662
12255.5809859155
12150.1901408451
11169.0669014085
12929.8098591549
9798.30950704225
12213.4225352113
10953.735915493
10669.8626760563
10861.0281690141
13213.0845070423
10121.535915493
12100.4964788732
12221.1901408451
12171.7887323944
10256.7887323944
10276.0042253521
10550.6690140845
11326.1338028169
11640.9190140845
12089.9154929577
10368.6549295775
11622.6126760563
10525.8626760563
11698.2922535211
11756.6338028169
10543.8591549296
10798.7007042254
11351.9507042254
12706.1514084507
12787.5704225352
12917.0176056338
10405.6545774648
11902.4683098592
11563.2323943662
10605.3732394366
11430.5598591549
11089.2147887324
12638.5316901408
11791.3626760563
10679.9823943662
11337.1901408451
12733.3450704225
11646.5422535211
11829.014084507
11902.2042253521
10105.3528169014
11017.3098591549
12864.3309859155
11976.6936619718
11276.0845070423
10222.6841549296
11739.0809859155
11117.5704225352
11761.8098591549
11452.2077464789
10677.3697183099
11002.3626760563
9770.22535211268
11125.6056338028
10011.3841549296
13024.4154929577
11713.2007042254
10586.2429577465
10387.9330985915
9919.77535211268
10499.3450704225
13147.5633802817
11373.4894366197
12967.25
13076.4718309859
12745.1443661972
11554.7535211268
11812.9823943662
11041.7746478873
12922.0809859155
11915.1338028169
10122.1126760563
13023.8802816901
11696.764084507
10119.3591549296
12344.3556338028
10719.0176056338
11644.5352112676
10884.176056338
9858.95352112676
10662.735915493
11536.1654929577
11389.8098591549
10862.588028169
10785.3345070423
13592.6971830986
10721.3133802817
12034.0352112676
11313.2535211268
11145.161971831
10462.6225352113
11643.4014084507
11313.764084507
12135.8309859155
12058.6338028169
11167.0669014085
10572.6161971831
11265.8169014085
12526.1971830986
10622.1725352113
10715.8063380282
13199.235915493
11001.3028169014
11502.6302816901
11821.823943662
12887.25
10484.4718309859
11779.4330985915
10479.5281690141
12838.7605633803
10299.3661971831
9210.46021126761
11255.7288732394
12770.1161971831
11616.6091549296
12555.985915493
12602.5211267606
11752.3309859155
10364.2957746479
10736.0669014085
10777.2992957746
11099.6830985915
11013.1443661972
11707.3521126761
13141.2992957746
10418.7323943662
11712.1373239437
12984.5704225352
11262.7464788732
10652.9471830986
11558.5528169014
11934.6161971831
11026.4436619718
10330.3978873239
10653.6584507042
10551.9436619718
11949.3838028169
12215.6267605634
13606.7323943662
10589.6690140845
11893.5633802817
10997.7183098592
10584.573943662
10690.0669014085
10176.8968309859
12562.1971830986
10407.161971831
11087.9401408451
11741.8345070423
13250.3133802817
13749.0598591549
11103.4401408451
8930.82429577465
12151.6197183099
10865.161971831
11068.7570422535
12053.6338028169
9954.78133802817
12445.5316901408
12665.5669014085
10206.7887323944
14179.426056338
9620.06161971831
12694.3767605634
11806.9753521127
11172.3098591549
11288.823943662
11416.6338028169
12532.9683098592
12841.0985915493
13180.1866197183
11543.4084507042
12743.5598591549
11714.8626760563
10261.2901408451
12244.5563380282
10976.2711267606
11540.9366197183
10099.8454225352
11867.4612676056
11041.7887323944
11409.9507042254
11780.2676056338
12203.1408450704
12347.5492957746
11893.6690140845
10897.9225352113
11406.9366197183
13362.4647887324
11397.4436619718
11184.7183098592
12878.2218309859
10943.0211267606
10716.8556338028
11476.4964788732
10357.6267605634
11144.1161971831
12951.1795774648
10101.2049295775
11310.3873239437
10735.0492957746
11405.7605633803
14483.4014084507
13061.838028169
13115.2570422535
11988.4436619718
12218.0492957746
11326.0915492958
12176.3697183099
11291.1725352113
10635.4190140845
11676.6936619718
11332.5105633803
11463.6408450704
11783.3521126761
11383.161971831
11739.1866197183
11790.676056338
14097.073943662
11971.6267605634
10364.6514084507
12633.3943661972
12197.1514084507
12066.3063380282
12473.9683098592
11360.2711267606
11425.3274647887
10384.1654929577
11710.25
11342.9577464789
11315.2852112676
12991.2218309859
10804.1161971831
11530.8767605634
11252.9683098592
11560.7112676056
13015.0176056338
10709.4436619718
11902.7077464789
11231.7112676056
11243.0774647887
11960.5528169014
12094.8415492958
11040.1549295775
12947.6478873239
11604.4753521127
10344.3204225352
12990.176056338
12402.9683098592
13179.7183098592
11905.7605633803
11098.0422535211
11712.1091549296
12218.7394366197
11811.4894366197
11917.7429577465
12642.2218309859
12073.5352112676
11661.2746478873
11256.3873239437
10697.8591549296
11029.1267605634
10477.9225352113
9883.12042253521
12157.1866197183
9879.93485915493
11226.3767605634
12545.2077464789
12306.5211267606
10693.9753521127
12540.1971830986
13643.7781690141
11747.3978873239
12961.1091549296
12770.764084507
12370.4014084507
10744.1056338028
10942.5669014085
10335.8626760563
11708.4049295775
13183.2957746479
12829.5246478873
11598.3204225352
9947.20176056338
13527.985915493
11368.9753521127
10071.6077464789
8915.23767605634
10941.6584507042
10111.3408450704
10574.2922535211
11467.8591549296
10797.588028169
11672.9929577465
11725.1021126761
11352.6161971831
10430.8978873239
11678.8908450704
10634.1901408451
12240.4366197183
12764.3345070423
10959.1690140845
11376.9788732394
13623.2007042254
11814.1725352113
9976.66197183099
12436.6056338028
10782.8133802817
9953.9485915493
9888.44929577465
11503.0845070423
12775.8521126761
10765.6584507042
11933.6232394366
12744.2535211268
10766.1725352113
10917.9154929577
10953.926056338
11994.4014084507
10601.0176056338
11346.4718309859
10306.6830985915
10940.3767605634
11604.4084507042
11701.8521126761
10715.1936619718
11592.0492957746
11937.6443661972
10719.9542253521
11672.1478873239
11879.014084507
13688.1830985915
10038.1306338028
11912.5950704225
11824.4084507042
12054.514084507
11147.6338028169
10948.6302816901
11398.926056338
11215.985915493
11102.4330985915
10878.0492957746
10688.9964788732
12777.0211267606
10371.2183098592
9495.62746478873
11504.4964788732
9199.5338028169
14235.5774647887
11196.1901408451
11275.1021126761
13130.7535211268
11604.264084507
10575.9295774648
12089.5281690141
11760.2218309859
12494.1866197183
10709.3485915493
11912.8133802817
10799.1091549296
11492.7429577465
10853.2288732394
10899.1126760563
11258.411971831
12357.088028169
10646.8098591549
11029.0598591549
10642.6971830986
12588.1549295775
12229.4577464789
11192.338028169
9043.8911971831
12824.3133802817
11460.9401408451
11783.3063380282
12324.8732394366
11332.0281690141
11195.9929577465
13382.9894366197
11833.7147887324
10727.0387323944
11794.4577464789
11587.5
13208.5563380282
11560.2112676056
12097.1549295775
11677.5176056338
12460.823943662
10417.3485915493
13293.5915492958
10987.1866197183
10590.8485915493
9796.40669014085
12291.2323943662
11242.926056338
13119.4894366197
14726.6373239437
11087.8415492958
13927.4894366197
12073.2183098592
12746.3943661972
11608.0774647887
12580.6584507042
11626.0809859155
10368.1690140845
10236.7746478873
13158.2007042254
12734.7746478873
11081.0985915493
10704.9894366197
12303.8274647887
11054.1197183099
13652.4471830986
10423.9647887324
12071.6830985915
10112.9542253521
12385.9436619718
10251.0626760563
14559.1267605634
10916.1866197183
12205.7957746479
12756.6373239437
10579.6021126761
12051.6514084507
12990.0176056338
11999.6866197183
11039.5704225352
9444.81021126761
11732.3661971831
11433.6443661972
9624.56021126761
10860.8556338028
12042.1443661972
11639.5316901408
11058.7676056338
11549.7887323944
10722.0669014085
13095.6373239437
11111.5387323944
10080.4718309859
11940.7922535211
11992.088028169
10801.7605633803
11219.0950704225
9137.28450704225
11500.6443661972
11322.6690140845
10850.7711267606
11388.2816901408
11625.4894366197
13121.6795774648
12485.7183098592
12567.5845070423
12082.6936619718
13831.8556338028
12164.4788732394
11652.264084507
12365.7112676056
12559.2711267606
9975.23802816901
13128.5070422535
11287.5669014085
10755.3802816901
10837.3591549296
11744.7077464789
9556.60985915493
9994.97852112676
11533.8732394366
11088.9647887324
11981.6654929577
13054.588028169
12628.3133802817
12358.6830985915
11143.3767605634
13514.514084507
11910.6161971831
11251.4084507042
10489.6795774648
11056.6725352113
12661.9753521127
12021.3767605634
12530.7535211268
13895.8450704225
12811.3098591549
12299.8415492958
11630.5387323944
11501.0809859155
12520.9753521127
11336.7112676056
10500.7042253521
11119.1021126761
10036.260915493
10641.838028169
10754.5704225352
10641.4683098592
10717.1161971831
11350.0422535211
11651.323943662
9879.53098591549
12770.4753521127
11063.7323943662
11013.3732394366
9785.05035211268
14104.9683098592
11492.5985915493
12236.1373239437
12362.5915492958
10513.4316901408
11672.573943662
9966.12746478873
10973.823943662
11324.676056338
10149.1320422535
12228.3028169014
10994.2992957746
11080.2323943662
11890.9823943662
10959.6126760563
11735.0598591549
11521.0845070423
10357.4788732394
10837.8556338028
11007.9014084507
12967.5246478873
12013.8626760563
12466.9577464789
12091.5105633803
11658.3802816901
10542.8767605634
12424.1830985915
12483.6584507042
10706.8591549296
11530.4190140845
12724.764084507
12501.1584507042
12220.4401408451
13938.8204225352
13276.1056338028
11046.0422535211
10409.1514084507
11701.0704225352
11397.161971831
11345.7147887324
11591.1021126761
9892.10845070423
10226.1654929577
11455.4154929577
12103.0387323944
10733.1584507042
10969.1725352113
11529.7746478873
11266.838028169
10305.25
11572.6795774648
11863.7992957746
11668.3274647887
10920.9014084507
10764.4084507042
11291.5211267606
12595.3415492958
9996.47605633803
12741.1549295775
11482.3908450704
11362.4295774648
10982.0985915493
11555.676056338
12286.4471830986
12148.3063380282
11157.5598591549
13264.0985915493
12182.661971831
12305.2781690141
12428.9084507042
10225.911971831
10625.9683098592
10687.2464788732
11752.7429577465
12086.1197183099
10110.0320422535
10273.2464788732
12387.8802816901
10957.9225352113
11408.8767605634
13024.1936619718
12070.0352112676
11793.2535211268
11540.4190140845
10428.2183098592
11123.1830985915
12114.2922535211
11156.9823943662
10944.2746478873
10693.6514084507
10542.5281690141
11229.8661971831
9891.21021126761
11444.1866197183
11150.4507042254
11009.9683098592
12872.0035211268
11816.4471830986
12866.2957746479
10190.7852112676
11993.9436619718
12484.5
12149.3591549296
10975.6901408451
11400.6408450704
11445.485915493
11679.3274647887
10887.9507042254
10804.8485915493
10161.8098591549
10405.0246478873
11938.3133802817
12013.3098591549
11390.161971831
10760.8028169014
10943.0387323944
12087.1549295775
10985.3415492958
10038.0538732394
12088.2464788732
11152.3661971831
11817.9471830986
11520.1654929577
12031.3309859155
13741.2429577465
12419.4753521127
11788.7676056338
9720.54612676056
10348.0281690141
12534.926056338
10936.4436619718
13860.4436619718
10474.676056338
12042.8274647887
11329.661971831
11899.9154929577
10815.4718309859
10332.7183098592
10339.8415492958
10319.2147887324
11718.1338028169
10490.7112676056
9740.30457746479
13824.9718309859
12075.926056338
11024.8767605634
12613.6830985915
11606.7992957746
10417.4577464789
10676.8838028169
11678.4788732394
12190.0246478873
12280.7746478873
11493.6971830986
12672.2781690141
11581.3732394366
11433.485915493
10487.926056338
12620.9154929577
10773.9929577465
10696.2253521127
10760.9683098592
12223.1936619718
12499.1690140845
11846.4471830986
12089.4683098592
11278.1866197183
11986.1725352113
13718.1866197183
11054.0387323944
12351.9647887324
12020.2535211268
11642.4929577465
12164.9718309859
10484.0915492958
11314.2746478873
10372.9507042254
11193.735915493
11404.8309859155
12112.4753521127
11052.5774647887
10244.2288732394
12729.7605633803
10925.4366197183
11241.9788732394
13619.3450704225
11570.8873239437
12571.7077464789
11306.9014084507
11926.8063380282
11729.2183098592
11802.5281690141
11682.2676056338
11000.6866197183
12107.9471830986
11741.426056338
12067.4190140845
11888.1021126761
11407.8838028169
11186.014084507
12138.7605633803
11117.9154929577
11948.7781690141
12361.6549295775
10284.7394366197
12095.8345070423
