"x"
11939.5
11891.2218309859
11738.6795774648
12803.323943662
12715.4577464789
11971.5457746479
11077.5598591549
11844.4190140845
12055.8028169014
11437.661971831
12910.9295774648
11312.4049295775
11198.1267605634
11957.5422535211
12744.3028169014
12207.5422535211
11349.0070422535
12321.2957746479
12773.5281690141
12270.6126760563
11888.926056338
12006.6197183099
10820.5563380282
11984.8732394366
12309.8943661972
11536.823943662
11794.8732394366
12295.1866197183
12257.4049295775
12594.1901408451
11563.3802816901
11751.6936619718
12406.5563380282
11595.6795774648
12133.6161971831
12101.8556338028
13107.7147887324
12035.9683098592
14151.1126760563
12039.0563380282
13553.6373239437
12102.4014084507
10993.3802816901
12292.3697183099
11066.9647887324
11561.5457746479
12342.2112676056
12076.6338028169
13344.1936619718
11584.1126760563
11225.5915492958
12695.6161971831
11634.3098591549
12819.1091549296
11851.7676056338
12544.0070422535
11255.7429577465
12123.0633802817
10988.5352112676
13074.0105633803
10819.6267605634
12488.735915493
11682.9753521127
12216.1373239437
10377.235915493
12281.985915493
11101.5598591549
11857.2112676056
11209.9823943662
11800.4154929577
11822.1267605634
11394.0669014085
11902.0704225352
11134.0211267606
12811.3626760563
11759.0422535211
12014.926056338
10929.1725352113
11891.2781690141
12166.088028169
11287.1936619718
13202.1126760563
11733.1408450704
12423.5387323944
12244.3978873239
12817.0105633803
13134.1514084507
11677.9366197183
11080.0809859155
12766.6654929577
11181.7570422535
12074.485915493
11437.4718309859
12139.5035211268
10766.1278169014
12137.7887323944
11955.2253521127
12055.0563380282
12807.7676056338
12495.8732394366
10928.573943662
11826.764084507
10389.7154929577
11557.6443661972
13006.1654929577
11344.3732394366
13709.9049295775
11824.5492957746
11086.338028169
10907.061971831
11377.9929577465
12691.3556338028
12504.2147887324
12631.0070422535
11979.8274647887
11299.0985915493
12338.8661971831
12841.6514084507
12097.1056338028
10770.911971831
12162.4471830986
11945.6373239437
12494.3063380282
11798.1654929577
12761.9823943662
12456.073943662
11539.411971831
11712.1866197183
11591.2570422535
11203.0598591549
12339.6830985915
12072.4647887324
12043.6267605634
10990.1338028169
11376.0105633803
12363.5422535211
12352.2746478873
12149.4612676056
11555.5809859155
13081.1795774648
11995.5563380282
12089.3345070423
11487.1584507042
11755.6091549296
11939.6373239437
11079.4014084507
12818.2394366197
11575.4366197183
12838.4718309859
12781.2007042254
12632.676056338
12110.5704225352
12266.2992957746
11110.0563380282
11686.1338028169
12520.2781690141
11316.0845070423
11626.8415492958
12778.1901408451
11897.676056338
11090.3556338028
12215.3450704225
12835.5563380282
11786.7922535211
12113.0598591549
11248.0176056338
12547.6267605634
12459.9964788732
11896.073943662
12233.073943662
12963.2535211268
10812.5422535211
12702.75
12491.2535211268
11360.0035211268
13266.4295774648
12365.4683098592
11473.8873239437
11695.9225352113
12498.1232394366
11793.9823943662
10965.4507042254
12086.3415492958
11623.2288732394
10772.1690140845
10861.6795774648
11951.9718309859
12806.823943662
12768.9084507042
11028.8169014085
11378.1690140845
12309.764084507
11275.2922535211
12495.9718309859
10724.6478873239
11771.1690140845
12652.5528169014
11448.6654929577
11678.9330985915
11818.0352112676
11768.588028169
11721.7605633803
12433.8098591549
12178.161971831
11612.8028169014
12162.4330985915
12549.8978873239
11702.6901408451
11869.6514084507
10163.9672535211
11017.1161971831
11438.8908450704
11678
11422.9225352113
12504.9225352113
12693.8450704225
11415.5598591549
11807.9190140845
12115.9753521127
12063.2816901408
11823.7077464789
12053.4014084507
10914.6584507042
11497.0563380282
12354.4084507042
12411.1690140845
11035.8873239437
11423.8133802817
12206.3133802817
11775.4295774648
12300.985915493
12224.2253521127
12920.5246478873
11925.9295774648
10129.5436619718
12892
11984.0598591549
11655.0211267606
12415.9084507042
12029.514084507
12545.4788732394
12712.9894366197
12331.25
12690.9436619718
11400.7077464789
12269.75
11435.1830985915
11293.6584507042
14375.0950704225
11624.5281690141
12565.5492957746
12331.8802816901
11536.3838028169
12625.0070422535
12790.8767605634
12056.4964788732
13057.8767605634
10996.0845070423
12420.3556338028
12070.2429577465
11758.6690140845
11187.6021126761
12379.9190140845
12244.8556338028
11229.1373239437
11638.5035211268
11193.8204225352
12169.6443661972
11064.1584507042
12056.2922535211
12215.4295774648
12213.9753521127
12846.3838028169
10613.6408450704
12656.5809859155
10978.9366197183
12620.7781690141
12602.9929577465
10662.9014084507
10077.6971830986
11991.8908450704
11484.8450704225
11889.6971830986
12092.3169014085
11410.7781690141
12398.4964788732
12076.4330985915
11256.0598591549
12387.3873239437
12627.5704225352
11665.2077464789
11096.823943662
11987.264084507
12024.3169014085
13538.7887323944
11048.2077464789
11834.8943661972
12727.735915493
10393.426056338
10764.0246478873
11315.161971831
11279.8309859155
12501.8450704225
11430.8309859155
11444.411971831
11912.0492957746
11788.4154929577
11375.3908450704
11942.2676056338
11452.1936619718
11687.7077464789
12298.5845070423
12416.25
11243
10906.5528169014
12222.0176056338
11986.8838028169
12404.6654929577
11767.1866197183
11341.588028169
11315.2394366197
12192.7042253521
10933.0598591549
12653.1690140845
11168.7852112676
12301.5950704225
11361.7077464789
10622.8521126761
12198.7323943662
11582.9049295775
11787.6056338028
11928.7394366197
11279.8521126761
12933.0915492958
11586.6091549296
11564.2183098592
12054.6514084507
11453.3345070423
12060.8978873239
10984.2253521127
11937.161971831
11755.8908450704
12331.8028169014
11712.1267605634
11776.573943662
10904.0387323944
11385.4507042254
11624.2288732394
10954.6795774648
12489.7570422535
11851.5774647887
11351.4718309859
11943.0246478873
12206.323943662
11682.8943661972
11974.6654929577
12589.3908450704
12606.8063380282
11164.5070422535
13445.6584507042
11709.5105633803
12361.0669014085
12605.9049295775
11801.0985915493
11261.3521126761
11418.823943662
12005.0211267606
10619.4753521127
12363.8802816901
12168.6690140845
11434.8838028169
10893.0387323944
12427.7852112676
12214.1197183099
12778.4190140845
11878.485915493
11903.661971831
11561.0105633803
11763.6654929577
13041.6478873239
10861.2605633803
11793.6830985915
11338.2147887324
13540.3697183099
12526.7429577465
12868.3591549296
12312.3626760563
11116.7746478873
11615.2711267606
11174.5211267606
12243.5950704225
11677.2183098592
12548.0422535211
11048.0915492958
12584.4577464789
12348.1866197183
10796.2394366197
12038.7535211268
12127.25
10208.9154929577
12497.3485915493
12450.9225352113
12049.4507042254
12286.3697183099
12114.5598591549
13645.0528169014
11182.176056338
10664.2112676056
12817.5985915493
11226.6338028169
11923.3873239437
11859.0105633803
12234.0105633803
12537.7570422535
11939.9577464789
11344.5704225352
12172.6866197183
12057.9647887324
13282.6725352113
11879.764084507
11919.4964788732
11885.8626760563
12022.4929577465
12207.1091549296
12809.5598591549
10155.9295774648
11518.9647887324
11559.2077464789
12570.5704225352
11565.8274647887
11127.8521126761
11001.2570422535
11748.6549295775
11501.2394366197
11817.5035211268
12383.0985915493
12317.9788732394
13201.7535211268
13548.4330985915
11149.7711267606
12546.1302816901
13125.1267605634
12606.014084507
13093.0281690141
11679.3943661972
12396.8661971831
13335.3521126761
11550.3450704225
11704.9577464789
12193.5176056338
10547.3556338028
11267.5352112676
10896.573943662
12111.2147887324
11774.9647887324
12538.5950704225
12907.6514084507
12169.9753521127
11798.5985915493
12209.1901408451
12188.1514084507
12437.3521126761
11576.9401408451
12659.2535211268
11860.661971831
11744.9542253521
11457.2218309859
13595.911971831
11124.9964788732
12281.4507042254
11960.3063380282
12810.25
13033.7992957746
12396.235915493
10951.0281690141
11627.7922535211
12268.911971831
11469.5105633803
11174.6725352113
11429.9225352113
12898.1549295775
11549.1408450704
12806.8028169014
10983.7852112676
13001.6408450704
10690.9397887324
12191.5
12582.6373239437
13844.0422535211
11087.7781690141
11740.5281690141
10906.9084507042
10929.1338028169
12983.0633802817
10735.3802816901
11431.5211267606
10826.2711267606
12090.1690140845
11713.4401408451
11952.5316901408
13209.2605633803
12634.5422535211
11192.2852112676
11949.2394366197
11943.8485915493
11766.4612676056
12601.1161971831
12818.7711267606
11223.9718309859
11301.1901408451
11828.4929577465
13624.8309859155
11052.985915493
13611.4225352113
10633.6126760563
11392.6126760563
12539.3978873239
11362.9542253521
12333.5915492958
11412.9225352113
11716.8063380282
11589.3626760563
11807.7676056338
12942.3626760563
11205.8767605634
12342.7147887324
11532.1056338028
12109.0457746479
12371.0704225352
12219.6091549296
12706.1232394366
12053.2570422535
13417.8345070423
11665.6725352113
12551.3345070423
12290.3838028169
10991.7605633803
10299.5225352113
12750.5704225352
12074.6936619718
13259.764084507
12471.3169014085
10495.5457746479
12216.7922535211
12046.1795774648
13272.1338028169
11990.8732394366
11077.4014084507
11014.9190140845
12421.8978873239
10488.9084507042
11477.838028169
12971.3978873239
12162.6021126761
11194.4683098592
12421.5070422535
11327.0352112676
13473.2112676056
13009.2429577465
12405.926056338
12402.7253521127
12204.426056338
12589.0774647887
11944.0176056338
11637.4049295775
12100.5246478873
11177.2535211268
11599.6021126761
11710.6338028169
12012.4718309859
10601.3028169014
11730.4507042254
12560.4014084507
12091.7746478873
12933.9542253521
11673.6443661972
11507.6443661972
11186.7147887324
11243.7711267606
11350.4507042254
10651.4894366197
11507.4084507042
10828.1056338028
11574.5809859155
11613.6408450704
12562.8274647887
12005.1584507042
13588.9823943662
12893.1971830986
11842.3873239437
11473.8802816901
12048.7323943662
11989.4718309859
12757.676056338
12359.073943662
10574.25
12357.9014084507
12572.8063380282
11752.1866197183
10530.1232394366
11936.5633802817
11444.4190140845
11939.3309859155
11870.1021126761
11343.5176056338
12836.6373239437
12420.2183098592
12380.8028169014
12531.6091549296
12080.6830985915
12632.3697183099
11497.0563380282
11223.6795774648
13010.5070422535
12369.3169014085
11808.838028169
12381.2711267606
12729.2535211268
12455.4330985915
11118.9718309859
11961.0211267606
11605.2077464789
11842.7957746479
11822.0774647887
14031.9295774648
12032.6514084507
11766.8732394366
11817.9330985915
13123.911971831
11498.4823943662
10484.3485915493
12319.6690140845
10979.1408450704
11094.6830985915
12405.6232394366
13085.9612676056
11733.9753521127
12051.5633802817
12473.8591549296
11248.4929577465
12841.8661971831
12910.0492957746
12857.1478873239
12116.2922535211
12297.4894366197
12745.6478873239
11672.1408450704
12120.7147887324
12567.1795774648
12493.7676056338
10916.3802816901
11836.7253521127
11640.2992957746
12760.4647887324
12074.7887323944
11952.2147887324
12445.6549295775
11118.3204225352
12209.9507042254
10707.6936619718
12479.1690140845
11351.073943662
11414.4753521127
11743.7605633803
11243.838028169
10337.4788732394
11409.3943661972
11833.8521126761
12439.338028169
12471.8169014085
12611.5598591549
12176.7852112676
10871.5774647887
11378.0070422535
12585.8521126761
11877.9084507042
12071.2781690141
12205.8274647887
12497.4647887324
11788.6126760563
12086.2218309859
11814.176056338
11439.514084507
12097.2605633803
12725.2218309859
11769.1901408451
12040.7042253521
12287.4084507042
12722.6267605634
11850.3345070423
12247.4929577465
12411.1830985915
11888.4683098592
11759.5563380282
11955.1654929577
10629.8521126761
11800.4330985915
12516.0633802817
12596.4366197183
11625.926056338
11897.6302816901
12041.7218309859
13555.3098591549
11717.5211267606
11626.6584507042
12207.5457746479
11567.2816901408
11852.7816901408
13175.9753521127
12977.661971831
12091.2852112676
11308.3802816901
11870.6584507042
13468.823943662
12135.1795774648
11645.1725352113
12700.5528169014
12255.3591549296
11334.7535211268
11964.2957746479
12504.7535211268
12916.7746478873
11384.8626760563
10989.7992957746
12305.5387323944
11288.8345070423
13076.0985915493
12591.8943661972
12197.838028169
11788.8133802817
10719.3982394366
12847.823943662
11773.0845070423
12289.823943662
10901.3345070423
11826.9366197183
12091.8626760563
12105.0528169014
11712.014084507
11239.588028169
10897.9718309859
13250.2218309859
10978.4753521127
12069.3767605634
11684.9014084507
11607.8591549296
11772.9964788732
11661.0105633803
10700.485915493
11697.2676056338
11946.8415492958
12191.5316901408
11732.2746478873
11958.3098591549
11667.0387323944
11326.0352112676
12389.7323943662
11773.6267605634
12041.9718309859
12257.9753521127
10983.786971831
12300.5492957746
11098.0352112676
11510.9929577465
12302.0985915493
12048.2112676056
12109.9225352113
10980.5316901408
12186.4964788732
11602.7605633803
12530.5
11540.0316901408
12471.7042253521
12465.338028169
12762.9753521127
11877.2781690141
13051.6584507042
11946.0915492958
12208.3521126761
11852.0070422535
11599.2816901408
10908.1056338028
12719.323943662
11507.0422535211
11114.7429577465
11692.3626760563
10928.6161971831
11567.9190140845
11075.9014084507
12379.8485915493
11404.9084507042
12052.8098591549
12520.7957746479
10939.926056338
12092.6725352113
11886.0915492958
11605.4929577465
12295.6338028169
12314.2323943662
12113.7394366197
11083.8415492958
11432.2394366197
11930.2816901408
12520.8309859155
11289.6901408451
