"x"
12541.7183098592
11212.75
13148.4154929577
12125.9084507042
13111.1197183099
11481.2464788732
15037.75
11551.3591549296
12303.2922535211
13130.7253521127
11616.6654929577
11865.6126760563
11681.3485915493
12069.1690140845
11318.9014084507
11202.5774647887
13537.7323943662
11646.1866197183
12431.8943661972
10923.0598591549
12147.3767605634
11537.9542253521
12981.0246478873
12313.6514084507
12503.926056338
12711.5387323944
12639.1056338028
10645.4401408451
13064.3697183099
12296.8556338028
12408.4084507042
12749.3908450704
12386.9049295775
12023.3802816901
11433.2183098592
13102.2535211268
12339.6478873239
13673.0492957746
10869.0422535211
11256.1443661972
11074.6795774648
12166.8521126761
12236.5
12353.5281690141
11889.264084507
12724.9084507042
10422.0105633803
12679.0563380282
11052.5
11741.4190140845
11639.4330985915
10606.0070422535
11626.5809859155
11181.8838028169
13090.1021126761
11089.2288732394
12051.8556338028
12278.8274647887
13745.161971831
10523.4014084507
13337.6373239437
11069.8591549296
13175.3626760563
11770.8485915493
12612.1549295775
12944.1725352113
10726.5492957746
11776.2781690141
14006.5492957746
12022.5176056338
12012.0950704225
12322.9507042254
12051.4929577465
13911.573943662
9748.40633802817
14127.8626760563
11568.6267605634
13399.0070422535
12951.9718309859
11768.3591549296
14810.8838028169
13450.7887323944
11094.5035211268
11945.6197183099
12042.2957746479
12049.8802816901
11304.5809859155
12555.8908450704
11531.9471830986
11131.2605633803
11340.2535211268
11295.8908450704
12054.7746478873
11672.6373239437
13246.6971830986
12111.4788732394
12591.3978873239
11361.0598591549
11776.5246478873
11620.2605633803
12228.0211267606
10939.3943661972
14680.9471830986
13328.1478873239
13806.2605633803
10932.573943662
11085.3556338028
12179.1901408451
13105.676056338
12369.0105633803
12682.8838028169
11624.6197183099
10555.0457746479
10457.8943661972
12401.5035211268
13130.4507042254
11148.6232394366
10952.161971831
12742.6126760563
14253.6338028169
13641.4894366197
12057.264084507
12029.5669014085
10526.4753521127
12675.1443661972
11674.2922535211
11711.8098591549
12524.6091549296
12968.8556338028
10388.2570422535
12533.4788732394
13152.1690140845
11844.2288732394
11920.6478873239
11623.6232394366
12447.2183098592
13248.0316901408
12037.4542253521
14886.4225352113
12004.4507042254
11564.5070422535
11577.6725352113
13113.2746478873
12243.2711267606
13488.7816901408
12966.4295774648
11059.8873239437
12842.3873239437
10195.4728873239
10111.8147887324
10986.8521126761
13178.0633802817
13082.2992957746
12481.2852112676
11795.4718309859
10831.1056338028
11823.4014084507
12544.4718309859
13472.6021126761
13548.7253521127
13439.8556338028
13058.6795774648
11675.3943661972
12930.6971830986
12935.1725352113
14322.4295774648
12199.5246478873
12065.7429577465
13092.7394366197
13181.4823943662
12452.0105633803
12031.3943661972
12205.7253521127
11773.4366197183
13089.5528169014
11801.4507042254
11180.5809859155
13330.5105633803
11315.1584507042
11145.1866197183
12310.9612676056
14235.5633802817
12389.5070422535
11699.5211267606
14012.2394366197
12234.161971831
11448.7112676056
11718.9718309859
12359.2781690141
12308.1091549296
11024.3345070423
12496.0950704225
12134.4542253521
12164.1936619718
13258.0845070423
11763.6795774648
12726.4190140845
12850.5387323944
10535.0704225352
11897.8767605634
12378.8063380282
13809.735915493
11827.7288732394
13162.2676056338
11789.6478873239
13499.6514084507
12226.7007042254
11394.676056338
12257.5985915493
16188.323943662
13516.5915492958
13134.5
12619.8732394366
13069.3133802817
11622.0246478873
13016.6056338028
13075.2112676056
10665.8169014085
11762.5669014085
13481.5457746479
12630.9683098592
11250.3838028169
13525.9366197183
12674.1232394366
11843.5563380282
11258.661971831
13009.9084507042
13471.1478873239
12091.5809859155
12084.8943661972
11478.0528169014
11963.5915492958
13053.2676056338
12892.823943662
13063.8732394366
12543.0457746479
12387.2746478873
11710.5316901408
11699.8521126761
11292.0528169014
10683.3661971831
13524.7746478873
10776.6091549296
10541.7781690141
13845.6302816901
14885.3028169014
13800.7007042254
12119.8485915493
10668.9330985915
11994.6795774648
11965.2112676056
12801.8098591549
14378.0563380282
11290.4718309859
14103.5352112676
11310.8697183099
10857.0774647887
13022.6971830986
10957.4964788732
12785.6725352113
13346.7183098592
12309.7957746479
11173.0387323944
11593.4436619718
13549.5633802817
12643.1830985915
12176.6584507042
12225.6338028169
12601.0070422535
12395.3063380282
11732.3732394366
11294.4295774648
12841.1091549296
12024.6021126761
11467.8732394366
15749.6197183099
11947.1478873239
12651.8556338028
13705.7570422535
13163.3450704225
13074.1197183099
13325.7992957746
12089.5845070423
13061.0176056338
13455.9225352113
12695.6126760563
12999.7535211268
12474.6161971831
12262.8345070423
11674.073943662
11337.2746478873
12200.5457746479
13041.338028169
13134.8556338028
12139.7218309859
12563.1478873239
13012.7007042254
11306.8943661972
16655.8591549296
13571.9436619718
13330.823943662
13056.6443661972
13035.735915493
11071.8063380282
14509.3309859155
12385.073943662
11092.4647887324
12905.2887323944
11743.8450704225
11560.1091549296
11658.6126760563
11971.7147887324
12400.6795774648
14274.5774647887
12862.6197183099
10921.0457746479
11525.7077464789
11958.2605633803
13193.4894366197
12159.1971830986
14552.5211267606
12500.7464788732
13820.0105633803
11041
11910.0598591549
12119.6021126761
11778.8274647887
12099.6373239437
12396.4330985915
13022.2323943662
14177.4330985915
12419.323943662
11937.0845070423
10916.9471830986
12105.3556338028
12928.1267605634
13098.5845070423
11531.2429577465
13398.9964788732
11806.5669014085
11768.9190140845
12847.6056338028
10960.1161971831
13416.426056338
12409.661971831
14392.3943661972
12418.1056338028
11481.3838028169
12967.8274647887
13268.6197183099
13709.4436619718
12480.4823943662
11145.6021126761
12569.8028169014
12553.5633802817
11867.588028169
11125.8838028169
12307.6197183099
13374.9929577465
11292.2429577465
12122.8274647887
11303.838028169
11894.9929577465
13369.9612676056
13299.735915493
13263.1549295775
11986.8908450704
15432.6478873239
11736.5809859155
14176.3345070423
13267.0563380282
12822.2605633803
11558.7746478873
11583.9049295775
13130.1866197183
12849.485915493
11744.6725352113
13902.7464788732
10856.7781690141
10035.0045774648
13726.5528169014
13547.0985915493
12188.5774647887
9717.94084507042
11994.7852112676
11783.8556338028
12734.1690140845
12553.8697183099
11056.2464788732
13755.3028169014
13249.9964788732
12099.5105633803
11801.1443661972
12222.6901408451
11769.3450704225
12786.0704225352
12237.6267605634
12105.3591549296
11791.2288732394
13866.6021126761
13077.7323943662
9854.29718309859
12114.1126760563
11911.4471830986
11979.1830985915
11604.2781690141
12046.9612676056
15662.1725352113
12676.514084507
13927.0528169014
11746.3697183099
12510.2429577465
11555.1443661972
11947.5
11918.2816901408
12540.2077464789
14056.676056338
12705.0387323944
10617.0809859155
12218.4964788732
12135.9929577465
12451.6232394366
10867.5598591549
13324.1373239437
11179.676056338
13299.6690140845
12659.2147887324
13204.1126760563
11088.264084507
12891.3028169014
12477.7112676056
13250.6901408451
12064.4014084507
12518.7887323944
12562.2429577465
12082.0422535211
11056.5492957746
11873.338028169
11009.8556338028
14339.5105633803
12293.5457746479
9887.20492957747
13759.2852112676
10997.9190140845
14719.6161971831
12642.8838028169
11180.7288732394
14313.5915492958
13371.588028169
11390.6971830986
14178.0704225352
11802.6971830986
12204.5492957746
11983.1091549296
12305.7535211268
11072.2605633803
11977.8732394366
12332.8943661972
13110.9401408451
11076.3204225352
12552.7288732394
10434.4401408451
11746.7218309859
10890.6795774648
13423.7535211268
11390.9612676056
12385.8661971831
10798.5035211268
12264.4718309859
12110.7253521127
12332.1901408451
11774.1443661972
11315.5387323944
11863.8169014085
12345.323943662
14218.4049295775
11958.7147887324
11430.2887323944
12380.3978873239
13176.7746478873
12384.7852112676
11674.7711267606
13149.7042253521
12292.1514084507
11476.3063380282
13542.5246478873
13574.4718309859
11813.9929577465
11875.0211267606
14013.2147887324
12666.3978873239
14031.1302816901
16064.0281690141
11388.9190140845
13965.3521126761
11859.7676056338
12671.573943662
13069.014084507
13881.6795774648
12217.1584507042
10611.3908450704
11728
14456.0105633803
12663.176056338
13347.6091549296
11323.8556338028
11643.6866197183
11640.0457746479
12707.514084507
12891.0492957746
13866.8521126761
12509.6091549296
13659.8309859155
10258.8588028169
14523.9471830986
13791.5950704225
12178.8450704225
14629.4330985915
11466.6443661972
11988.088028169
13492.2676056338
10496.3485915493
13364.7429577465
11395.0985915493
13202.8767605634
12101.3098591549
11905.6021126761
12535.6197183099
11628.7464788732
13867.0809859155
13018.5774647887
11903.911971831
10617.176056338
14265.8028169014
11755.0352112676
13532.4577464789
14248.5845070423
12642.088028169
12383.2887323944
12880.4577464789
10480.4647887324
11104.4753521127
13180.8873239437
13177.1725352113
13121.2112676056
11309.5704225352
13463.6443661972
12853.7711267606
13196.0211267606
12556.676056338
13484.7852112676
12726.3661971831
12503.3063380282
12033.5985915493
14854.5422535211
11869.7570422535
12865.3204225352
11734.8063380282
11597.7323943662
11257.6373239437
12377.1549295775
10378.161971831
11534.7077464789
12624.5774647887
12362.0957746479
12406.1549295775
12436.8415492958
12654.1549295775
13320.8908450704
12453.6338028169
14166.6654929577
11520.0704225352
12586.0211267606
11162.5633802817
11745
13264.823943662
11655.8521126761
12873.338028169
12478.4084507042
14586.7676056338
12051.2288732394
13424.426056338
14568.1232394366
13723.6514084507
12479.5
11310.5457746479
12522.5669014085
11549.8873239437
12860.1830985915
12650.588028169
11851.2816901408
11718.8485915493
14065.3767605634
11859.7042253521
11870.4718309859
13163.1302816901
11615.7429577465
12687.3556338028
11087.0070422535
15110.6901408451
12782.1091549296
13745.1056338028
12250.088028169
12371.2852112676
12423.6161971831
10057.9728873239
10943.7077464789
12293.9366197183
10557.8274647887
12210.3450704225
11904.3908450704
13435.8063380282
12165.1514084507
11445.3767605634
11548.4542253521
13166.5633802817
11733.9929577465
11006.5809859155
10969.7535211268
13381.3943661972
12826.6584507042
12948.911971831
13541.2957746479
12716.2676056338
11028.7042253521
11736.3591549296
12981.1373239437
11478.3838028169
11555.0633802817
13548.7077464789
14682.161971831
10950.3838028169
11685.5387323944
13050.8169014085
12813.3767605634
10495.3908450704
12491.5
11641.5492957746
13222.1126760563
12753.3521126761
11510.4542253521
12012.6549295775
11141.7816901408
11642.4823943662
12090.3098591549
11422.8838028169
13078.2464788732
13008.764084507
11480.7253521127
12564.485915493
12129.5563380282
13341.4823943662
12661.7711267606
11974.9683098592
10980.8873239437
12611.6584507042
11191.5774647887
13849.4823943662
11036.0352112676
11793.1161971831
11314.6971830986
11982.323943662
11665.3133802817
11324.6161971831
12363.7323943662
12001.9295774648
12641.4964788732
12183.2077464789
12446.9436619718
11974.8943661972
12236.8838028169
12321.0845070423
12022.6408450704
11422.0633802817
11230.2605633803
10920.4471830986
13559.9014084507
12428.0457746479
11674.8415492958
13694.3133802817
12942.1795774648
11953.735915493
12590.1267605634
11955.161971831
11181.1654929577
10982.8943661972
11873.4788732394
12884.2957746479
11486.3309859155
12265.7042253521
12059.6866197183
11859.6690140845
11891.3661971831
12368.2535211268
12551.823943662
13891.1725352113
13840.3133802817
12264.5985915493
10739.7077464789
14327.1161971831
13153.6443661972
12805.4964788732
11578.6302816901
13393.25
12884.6161971831
12738.4049295775
12093.9049295775
12495.8978873239
10888.7323943662
10561.2077464789
11887.411971831
12508.5387323944
12718.4612676056
11038.2394366197
11268.5915492958
15322.2852112676
12125.0105633803
11684.1830985915
13368.4507042254
12597.7781690141
12758.1267605634
11865.5387323944
13127.9436619718
15805.6514084507
12250.6443661972
14809.5
11288.9683098592
12375.985915493
14252.0598591549
11670.0246478873
12298.1971830986
11803.764084507
13941.0915492958
11103.4295774648
11255.1197183099
11836.1901408451
10957.4894366197
12049.1866197183
11561.6725352113
12526.2429577465
13207.7183098592
9913.10915492958
13588.6197183099
13235.8626760563
12091.6267605634
13738.485915493
12881.2570422535
12422.1795774648
11674.735915493
12103.7183098592
13067.823943662
12729.2429577465
12801.573943662
12504.911971831
12665.0035211268
14228.2711267606
11245.4049295775
12968.8838028169
11570.5598591549
11413.8802816901
10762.8204225352
12617.4295774648
11964.9718309859
13057.7218309859
13102.25
12089.9507042254
13626.9753521127
14663.6795774648
12983.2147887324
13547.1197183099
12555.8661971831
11653.1936619718
12488.7253521127
11183.4929577465
11267.7183098592
11960.8943661972
11574.6690140845
12170.2922535211
14633.2852112676
11629.0352112676
11605.7746478873
13471.6936619718
10642.8556338028
11317.3133802817
11891.0070422535
13022.3133802817
13395.4753521127
12139.8450704225
13601.5035211268
11464.5211267606
13063.5070422535
12647.9330985915
12315.7042253521
13017.6267605634
12714.411971831
12366.3802816901
11731.6725352113
12853.1373239437
12852.0316901408
12370.5352112676
11536.4718309859
11514.5246478873
14200.2183098592
11520.5246478873
13144.9718309859
